1 -5 0 0 
1.00007 -5 -0.00211012 0.00139428 
1.00028 -5 -0.00422024 0.00278856 
1.00063 -5 -0.00633036 0.00418285 
1.00112 -5.00001 -0.00844048 0.00557713 
1.00174 -5.00001 -0.0105506 0.00697141 
1.00251 -5.00002 -0.0126607 0.00836569 
1.0036 -5.00003 -0.00927603 0.0134432 
1.0052 -5.00004 -0.00589135 0.0185207 
1.00721 -5.00007 -0.022129 0.0217173 
1.01066 -5.00021 -0.0505373 0.0473341 
1.01666 -5.0006 -0.0789456 0.0729509 
1.0252 -5.0014 -0.107354 0.0985677 
1.03614 -5.00242 -0.0783356 0.121123 
1.04935 -5.00326 -0.0493173 0.143678 
1.06483 -5.00379 -0.020299 0.166234 
1.08259 -5.00389 0.00871934 0.188789 
1.10181 -5.00395 -0.0152477 0.195697 
1.12172 -5.00449 -0.0392148 0.202605 
1.14229 -5.00555 -0.0631818 0.209513 
1.16353 -5.00715 -0.0871489 0.216421 
1.18541 -5.00933 -0.111116 0.223329 
1.20792 -5.01211 -0.135083 0.230237 
1.23103 -5.01554 -0.15905 0.237145 
1.25474 -5.01964 -0.183017 0.244054 
1.27902 -5.02443 -0.206984 0.250962 
1.30365 -5.02933 -0.185706 0.251379 
1.32843 -5.03372 -0.164428 0.251797 
1.35333 -5.03758 -0.143149 0.252215 
1.37835 -5.04091 -0.121871 0.252632 
1.40348 -5.04372 -0.100593 0.25305 
1.4287 -5.04599 -0.0793148 0.253468 
1.45401 -5.04773 -0.0580366 0.253885 
1.47939 -5.04894 -0.0367583 0.254303 
1.50483 -5.0496 -0.0154801 0.254721 
1.53032 -5.04972 0.00579814 0.255138 
1.55585 -5.0493 0.0270764 0.255556 
1.58141 -5.04834 0.0483546 0.255974 
1.60699 -5.04683 0.0696328 0.256392 
1.63256 -5.04477 0.0909111 0.256809 
1.65813 -5.04217 0.112189 0.257227 
1.68368 -5.03901 0.133468 0.257645 
1.7092 -5.03531 0.154746 0.258062 
1.73467 -5.03106 0.176024 0.25848 
1.76009 -5.02626 0.197302 0.258898 
1.78544 -5.02091 0.21858 0.259315 
1.8099 -5.01518 0.241775 0.243152 
1.83266 -5.00929 0.264969 0.226988 
1.85372 -5.00332 0.288164 0.210825 
1.87309 -4.99733 0.311358 0.194661 
1.89078 -4.99141 0.334553 0.178498 
1.90682 -4.98563 0.357747 0.162334 
1.9212 -4.98007 0.380942 0.146171 
1.93396 -4.97479 0.404136 0.130007 
1.94512 -4.96987 0.427331 0.113844 
1.95469 -4.96538 0.450525 0.0976804 
1.96271 -4.96138 0.473719 0.0815169 
1.96921 -4.95796 0.496914 0.0653535 
1.97421 -4.95518 0.520108 0.04919 
1.97776 -4.95309 0.543303 0.0330265 
1.97988 -4.95178 0.566497 0.016863 
1.98037 -4.95147 0.589062 -0.005243 
1.97903 -4.95239 0.611627 -0.027349 
1.97591 -4.95464 0.634192 -0.049455 
1.97108 -4.95828 0.656758 -0.071561 
1.9646 -4.9634 0.679323 -0.093667 
1.95801 -4.96886 0.70604 -0.0774556 
1.95279 -4.97343 0.732758 -0.0612442 
1.94889 -4.97703 0.759476 -0.0450328 
1.94624 -4.97961 0.786193 -0.0288214 
1.94479 -4.98109 0.812911 -0.01261 
1.94449 -4.98142 0.839629 0.0036014 
1.94525 -4.98054 0.866347 0.0198128 
1.94703 -4.97838 0.893064 0.0360242 
1.94975 -4.97491 0.919782 0.0522356 
1.95334 -4.97006 0.9465 0.068447 
1.95773 -4.96378 0.973218 0.0846584 
1.96308 -4.95582 0.984934 0.107296 
1.96958 -4.94589 0.99665 0.129933 
1.97718 -4.93399 1.00837 0.152571 
1.98583 -4.92007 1.02008 0.175208 
1.9955 -4.90412 1.0318 0.197845 
2.00555 -4.88696 1.04997 0.199797 
2.01538 -4.86946 1.06814 0.201748 
2.02498 -4.8516 1.08631 0.2037 
2.03435 -4.83341 1.10448 0.205651 
2.04347 -4.81487 1.12265 0.207602 
2.05234 -4.79599 1.14082 0.209554 
2.06094 -4.77677 1.15899 0.211505 
2.06927 -4.75722 1.17716 0.213457 
2.07731 -4.73735 1.19533 0.215408 
2.08506 -4.71715 1.2135 0.217359 
2.09251 -4.69662 1.23167 0.219311 
2.1002 -4.67471 1.23504 0.245214 
2.10866 -4.65032 1.23841 0.271118 
2.11789 -4.62345 1.24178 0.297022 
2.12785 -4.5941 1.24515 0.322926 
2.13854 -4.56226 1.24852 0.34883 
2.14994 -4.52792 1.25188 0.374734 
2.16204 -4.49109 1.25525 0.400638 
2.17481 -4.45175 1.25862 0.426541 
2.18823 -4.4099 1.26199 0.452445 
2.2023 -4.36554 1.26536 0.478349 
2.217 -4.31866 1.26873 0.504253 
2.2323 -4.26925 1.27209 0.530157 
2.24819 -4.21732 1.27546 0.556061 
2.26466 -4.16285 1.27883 0.581965 
2.28169 -4.10585 1.2822 0.607868 
2.29926 -4.04631 1.28557 0.633772 
2.31735 -3.98422 1.28893 0.659676 
2.33595 -3.91957 1.2923 0.68558 
2.35547 -3.85488 1.26313 0.665872 
2.37624 -3.79266 1.23395 0.646164 
2.39814 -3.73292 1.20478 0.626457 
2.42104 -3.67567 1.1756 0.606749 
2.44481 -3.62092 1.14643 0.587041 
2.46934 -3.56868 1.11725 0.567333 
2.49449 -3.51893 1.08808 0.547625 
2.52014 -3.47166 1.0589 0.527918 
2.54616 -3.42687 1.02973 0.50821 
2.57245 -3.38453 1.00055 0.488502 
2.59887 -3.34462 0.971377 0.468794 
2.6253 -3.30711 0.942202 0.449086 
2.65164 -3.27196 0.913027 0.429379 
2.67777 -3.23914 0.883852 0.409671 
2.70356 -3.20859 0.854677 0.389963 
2.72893 -3.18028 0.825502 0.370255 
2.75375 -3.15416 0.796327 0.350547 
2.77739 -3.12937 0.821746 0.334482 
2.79932 -3.10519 0.847166 0.318417 
2.81957 -3.08167 0.872586 0.302351 
2.83821 -3.05889 0.898005 0.286286 
2.85527 -3.03691 0.923425 0.27022 
2.87082 -3.0158 0.948845 0.254155 
2.88491 -2.99562 0.974264 0.238089 
2.89759 -2.97643 0.999684 0.222024 
2.90893 -2.95828 1.0251 0.205959 
2.91971 -2.94005 1.048 0.217616 
2.93064 -2.92057 1.07089 0.229273 
2.94167 -2.89981 1.09379 0.24093 
2.95275 -2.87776 1.11668 0.252587 
2.96382 -2.85441 1.13957 0.264244 
2.97482 -2.82974 1.16247 0.275901 
2.98571 -2.80376 1.18536 0.287558 
2.99643 -2.77645 1.20825 0.299215 
3.00691 -2.7478 1.23115 0.310872 
3.01712 -2.71782 1.25404 0.322529 
3.02699 -2.68651 1.27694 0.334186 
3.03646 -2.65385 1.29983 0.345843 
3.04548 -2.61986 1.32272 0.3575 
3.054 -2.58454 1.34562 0.369157 
3.06195 -2.5479 1.36851 0.380814 
3.06928 -2.50994 1.39141 0.392471 
3.07663 -2.47007 1.38586 0.41821 
3.08467 -2.42772 1.38031 0.443949 
3.09345 -2.38289 1.37477 0.469689 
3.10298 -2.33559 1.36922 0.495428 
3.11241 -2.28805 1.38083 0.473767 
3.12089 -2.24254 1.39244 0.452106 
3.12846 -2.19907 1.40404 0.430445 
3.13519 -2.15765 1.41565 0.408785 
3.14111 -2.1183 1.42726 0.387124 
3.14628 -2.08103 1.43887 0.365463 
3.15089 -2.04456 1.45152 0.369666 
3.15508 -2.00762 1.46417 0.373869 
3.15884 -1.97021 1.47682 0.378073 
3.16217 -1.93234 1.48947 0.382276 
3.16505 -1.89401 1.50212 0.386479 
3.16747 -1.85523 1.51477 0.390682 
3.16942 -1.816 1.52742 0.394886 
3.17089 -1.77633 1.54007 0.399089 
3.1724 -1.73601 1.52649 0.407928 
3.17451 -1.69483 1.5129 0.416767 
3.17723 -1.6528 1.49932 0.425606 
3.1806 -1.60993 1.48573 0.434445 
3.18462 -1.56623 1.47215 0.443284 
3.18934 -1.5217 1.45856 0.452124 
3.19476 -1.47637 1.44498 0.460963 
3.20091 -1.43024 1.4314 0.469802 
3.20782 -1.38333 1.41781 0.478641 
3.21551 -1.33564 1.40423 0.48748 
3.22399 -1.28719 1.39064 0.496319 
3.2333 -1.23799 1.37706 0.505158 
3.24345 -1.18805 1.36347 0.513997 
3.25447 -1.13739 1.34989 0.522836 
3.26637 -1.08603 1.3363 0.531675 
3.27918 -1.03397 1.32272 0.540515 
3.29292 -0.98124 1.30913 0.549354 
3.30761 -0.927847 1.29555 0.558193 
3.32327 -0.87381 1.28196 0.567032 
3.33992 -0.819144 1.26838 0.575871 
3.35715 -0.764762 1.25972 0.56503 
3.37451 -0.711562 1.25106 0.554189 
3.39198 -0.659541 1.2424 0.543348 
3.4092 -0.609407 1.23757 0.516818 
3.42578 -0.561861 1.23275 0.490289 
3.44171 -0.516896 1.22792 0.46376 
3.45696 -0.474505 1.2231 0.437231 
3.4715 -0.43468 1.21827 0.410701 
3.48531 -0.397414 1.21345 0.384172 
3.49836 -0.362697 1.20862 0.357643 
3.51064 -0.330523 1.2038 0.331114 
3.52212 -0.300881 1.19897 0.304584 
3.53277 -0.273765 1.19415 0.278055 
3.54256 -0.249166 1.18932 0.251526 
3.55149 -0.227073 1.1845 0.224997 
3.55951 -0.207479 1.17967 0.198467 
3.56661 -0.190374 1.17485 0.171938 
3.57277 -0.175749 1.17002 0.145409 
3.57795 -0.163594 1.1652 0.11888 
3.58214 -0.153899 1.16037 0.0923503 
3.58648 -0.144284 1.13372 0.118672 
3.59223 -0.132418 1.10707 0.144994 
3.59949 -0.118371 1.08042 0.171317 
3.6084 -0.102218 1.05377 0.197639 
3.61907 -0.0840375 1.02711 0.223961 
3.63161 -0.0639133 1.00046 0.250283 
3.64613 -0.0419341 0.973809 0.276605 
3.66274 -0.0181927 0.947157 0.302927 
3.68155 0.00721353 0.920505 0.329249 
3.70264 0.0341832 0.893853 0.355571 
3.72613 0.0626106 0.867201 0.381893 
3.75209 0.0923864 0.840549 0.408215 
3.77965 0.12283 0.829675 0.413084 
3.80786 0.15333 0.818801 0.417952 
3.83675 0.183875 0.807926 0.42282 
3.8663 0.214454 0.797052 0.427689 
3.89652 0.245056 0.786178 0.432557 
3.92743 0.275671 0.775303 0.437425 
3.95901 0.306286 0.764429 0.442294 
3.99127 0.336892 0.753555 0.447162 
4.02423 0.367475 0.742681 0.45203 
4.05787 0.398026 0.731806 0.456898 
4.09221 0.428533 0.720932 0.461767 
4.12725 0.458984 0.710058 0.466635 
4.16197 0.489614 0.73583 0.459384 
4.1953 0.519773 0.735244 0.439549 
4.22717 0.548582 0.734659 0.419713 
4.25759 0.576043 0.734073 0.399877 
4.28655 0.602158 0.733487 0.380041 
4.31405 0.626928 0.732902 0.360205 
4.34009 0.650356 0.732316 0.340369 
4.36467 0.672442 0.731731 0.320533 
4.38779 0.69319 0.731145 0.300698 
4.40944 0.712599 0.730559 0.280862 
4.42962 0.730673 0.729974 0.261026 
4.44834 0.747413 0.729388 0.24119 
4.4661 0.763652 0.752132 0.240091 
4.4834 0.780215 0.774876 0.238993 
4.50025 0.797089 0.79762 0.237894 
4.51663 0.814263 0.820364 0.236795 
4.53254 0.831723 0.843108 0.235696 
4.54798 0.849458 0.865852 0.234597 
4.56294 0.867455 0.888596 0.233499 
4.57743 0.885702 0.91134 0.2324 
4.59142 0.904185 0.934084 0.231301 
4.60493 0.922893 0.956828 0.230202 
4.61795 0.941813 0.979572 0.229103 
4.63047 0.960932 1.00232 0.228005 
4.64249 0.980238 1.02506 0.226906 
4.65402 0.999717 1.0478 0.225807 
4.66505 1.01936 1.07055 0.224708 
4.67558 1.03915 1.09329 0.22361 
4.68561 1.05862 1.09639 0.214475 
4.69517 1.0773 1.0995 0.20534 
4.70457 1.09623 1.12082 0.217287 
4.71406 1.11644 1.14215 0.229235 
4.7236 1.13794 1.16348 0.241182 
4.73315 1.16073 1.18481 0.253129 
4.74265 1.18484 1.20614 0.265077 
4.75204 1.21027 1.22747 0.277024 
4.76128 1.23701 1.2488 0.288972 
4.76991 1.26381 1.26967 0.274011 
4.77755 1.28934 1.29054 0.259051 
4.78426 1.31354 1.31061 0.243224 
4.79068 1.33698 1.29629 0.242893 
4.79721 1.36126 1.31972 0.259931 
4.80357 1.38734 1.34315 0.27697 
4.80968 1.41523 1.36659 0.294009 
4.81546 1.44492 1.39002 0.311047 
4.82084 1.47642 1.41345 0.328086 
4.82572 1.50973 1.43688 0.345125 
4.83003 1.54483 1.46031 0.362163 
4.83362 1.58234 1.49007 0.391583 
4.83628 1.62288 1.51983 0.421002 
4.83785 1.66642 1.5496 0.450422 
4.83813 1.71293 1.57936 0.479842 
4.83697 1.76237 1.60912 0.509261 
4.83417 1.81469 1.63889 0.538681 
4.82958 1.86984 1.66865 0.568101 
4.82302 1.92775 1.69841 0.59752 
4.81432 1.98835 1.72818 0.62694 
4.80331 2.05156 1.75794 0.656359 
4.79085 2.11595 1.76586 0.65536 
4.7772 2.18146 1.78654 0.683046 
4.76157 2.24938 1.80723 0.710733 
4.74387 2.31964 1.82791 0.73842 
4.72398 2.39219 1.84859 0.766106 
4.70182 2.46696 1.86928 0.793793 
4.67967 2.54257 1.84211 0.781877 
4.65989 2.61759 1.81495 0.769962 
4.64243 2.69197 1.78778 0.758046 
4.62724 2.76562 1.76062 0.74613 
4.61426 2.83849 1.73345 0.734214 
4.60344 2.91051 1.70629 0.722299 
4.59472 2.98161 1.67912 0.710383 
4.58806 3.05173 1.65196 0.698467 
4.58338 3.12082 1.62479 0.686551 
4.58063 3.18882 1.59763 0.674636 
4.57974 3.25568 1.57046 0.66272 
4.58065 3.32135 1.5433 0.650804 
4.58329 3.38578 1.51613 0.638888 
4.58761 3.44892 1.48897 0.626973 
4.59352 3.51074 1.4618 0.615057 
4.60097 3.57119 1.43463 0.603141 
4.60987 3.63024 1.40747 0.591226 
4.61988 3.68727 1.38655 0.566746 
4.6306 3.74167 1.36563 0.542267 
4.64194 3.79345 1.34471 0.517788 
4.65378 3.84259 1.3238 0.493309 
4.66603 3.88911 1.30288 0.468829 
4.67857 3.93302 1.28196 0.44435 
4.69131 3.97431 1.26104 0.419871 
4.70413 4.013 1.24012 0.395392 
4.71695 4.04911 1.2192 0.370913 
4.72965 4.08265 1.19829 0.346433 
4.74213 4.11365 1.17737 0.321954 
4.7543 4.14213 1.15645 0.297475 
4.76605 4.16812 1.13553 0.272996 
4.77729 4.19165 1.11461 0.248516 
4.78791 4.21275 1.09369 0.224037 
4.79783 4.23147 1.07278 0.199558 
4.80726 4.2492 1.09146 0.202082 
4.81647 4.26733 1.11015 0.204606 
4.82545 4.28585 1.12884 0.20713 
4.83418 4.30477 1.14753 0.209654 
4.84266 4.32408 1.16622 0.212177 
4.85088 4.34378 1.18491 0.214701 
4.85882 4.36386 1.2036 0.217225 
4.86647 4.38433 1.22229 0.219749 
4.87383 4.40517 1.24098 0.222273 
4.88087 4.42638 1.25967 0.224797 
4.88759 4.44797 1.27836 0.227321 
4.89397 4.46992 1.29705 0.229845 
4.90001 4.49222 1.31574 0.232369 
4.90569 4.51489 1.33443 0.234893 
4.91101 4.53789 1.35312 0.237416 
4.91594 4.56125 1.37181 0.23994 
4.92022 4.58377 1.39463 0.2186 
4.92364 4.60428 1.41746 0.19726 
4.92628 4.62275 1.44028 0.17592 
4.92825 4.63916 1.4631 0.15458 
4.92963 4.65348 1.48593 0.13324 
4.93054 4.6657 1.50875 0.1119 
4.93105 4.67581 1.53158 0.0905605 
4.93128 4.6838 1.5544 0.0692205 
4.93131 4.68965 1.57722 0.0478806 
4.93125 4.69338 1.60005 0.0265406 
4.93119 4.69496 1.62287 0.00520062 
4.93125 4.69405 1.63426 -0.0234476 
4.93151 4.69028 1.64564 -0.0520959 
4.93205 4.68366 1.65703 -0.0807442 
4.93292 4.6742 1.66841 -0.109392 
4.9342 4.66189 1.6798 -0.138041 
4.93595 4.64675 1.69118 -0.166689 
4.93823 4.6288 1.70257 -0.195337 
4.9407 4.60944 1.69366 -0.194974 
4.94301 4.5901 1.68474 -0.19461 
4.94513 4.57077 1.67583 -0.194247 
4.94708 4.55146 1.66692 -0.193883 
4.94885 4.53217 1.65801 -0.193519 
4.95045 4.51291 1.64909 -0.193156 
4.95187 4.49366 1.64018 -0.192792 
4.95312 4.47444 1.63127 -0.192429 
4.9542 4.45525 1.62235 -0.192065 
4.9551 4.43608 1.61344 -0.191702 
4.95583 4.41694 1.60453 -0.191338 
4.95662 4.39782 1.61887 -0.191446 
4.95767 4.3787 1.6332 -0.191554 
4.95901 4.35958 1.64754 -0.191663 
4.96061 4.34048 1.66188 -0.191771 
4.96249 4.32139 1.67621 -0.191879 
4.96465 4.30232 1.69055 -0.191987 
4.96708 4.28327 1.70489 -0.192095 
4.96979 4.26425 1.71923 -0.192203 
4.97277 4.24525 1.73356 -0.192312 
4.97602 4.22629 1.7479 -0.19242 
4.97955 4.20737 1.76224 -0.192528 
4.98335 4.18849 1.77658 -0.192636 
4.98739 4.17 1.79586 -0.185902 
4.99163 4.15225 1.81515 -0.179168 
4.99605 4.13523 1.83444 -0.172433 
5.00061 4.11895 1.85372 -0.165699 
5.00529 4.10341 1.87301 -0.158965 
5.01007 4.0886 1.8923 -0.15223 
5.01491 4.07452 1.91159 -0.145496 
5.01978 4.06117 1.93087 -0.138762 
5.02457 4.04862 1.93896 -0.129928 
5.02913 4.03693 1.94704 -0.121095 
5.03346 4.02609 1.95512 -0.112261 
5.03755 4.01611 1.96321 -0.103428 
5.04137 4.00698 1.97129 -0.0945942 
5.04492 3.99869 1.97937 -0.0857607 
5.04818 3.99124 1.98746 -0.0769272 
5.05114 3.98462 1.99554 -0.0680937 
5.05379 3.97883 2.00362 -0.0592602 
5.05611 3.97386 2.01171 -0.0504267 
5.05809 3.9697 2.01979 -0.0415932 
5.05971 3.96636 2.02787 -0.0327597 
5.06097 3.96382 2.03596 -0.0239262 
5.06185 3.96208 2.04404 -0.0150927 
5.06234 3.96113 2.05213 -0.00625915 
5.06252 3.9608 2.04141 -0.00136525 
5.06247 3.96089 2.0307 0.00352866 
5.06221 3.96143 2.01998 0.00842257 
5.06174 3.96241 2.00927 0.0133165 
5.06108 3.96384 1.99855 0.0182104 
5.06024 3.96573 1.98784 0.0231043 
5.05921 3.96807 1.97712 0.0279982 
5.05803 3.97087 1.96641 0.0328921 
5.05668 3.97414 1.9557 0.037786 
5.05519 3.97788 1.94498 0.0426799 
5.05356 3.98209 1.93427 0.0475738 
5.05181 3.98677 1.92355 0.0524677 
5.04994 3.99193 1.91284 0.0573616 
5.04797 3.99758 1.90212 0.0622555 
5.0459 4.00371 1.89141 0.0671494 
5.04394 4.0094 1.91346 0.0532494 
5.04234 4.01375 1.93552 0.0393494 
5.04115 4.01676 1.95757 0.0254494 
5.04044 4.01847 1.97963 0.0115494 
5.04025 4.01889 2.00168 -0.00235055 
5.04065 4.01805 2.02374 -0.0162505 
5.04169 4.01598 2.04579 -0.0301505 
5.04343 4.0127 2.06785 -0.0440505 
5.04591 4.00824 2.0899 -0.0579505 
5.04919 4.00264 2.11196 -0.0718505 
5.05333 3.99594 2.13401 -0.0857505 
5.05837 3.98815 2.15606 -0.0996505 
5.06436 3.97934 2.17812 -0.113551 
5.07134 3.96952 2.20017 -0.127451 
5.07938 3.95874 2.22223 -0.141351 
5.0885 3.94705 2.24428 -0.155251 
5.09876 3.93449 2.26634 -0.169151 
5.11019 3.9211 2.28839 -0.183051 
5.12233 3.90708 2.28077 -0.187875 
5.13468 3.8926 2.27315 -0.1927 
5.14723 3.87766 2.26553 -0.197525 
5.15997 3.86225 2.25791 -0.20235 
5.1729 3.84637 2.25028 -0.207175 
5.186 3.83002 2.24266 -0.212 
5.19929 3.81318 2.23504 -0.216825 
5.21274 3.79587 2.22742 -0.221649 
5.22617 3.77858 2.23577 -0.21626 
5.23942 3.76183 2.24413 -0.210871 
5.25247 3.74561 2.25248 -0.205482 
5.26531 3.72992 2.26084 -0.200092 
5.27794 3.71475 2.2692 -0.194703 
5.29035 3.70009 2.27755 -0.189314 
5.30253 3.68595 2.28591 -0.183925 
5.31447 3.67232 2.29426 -0.178535 
5.32616 3.65919 2.30262 -0.173146 
5.3376 3.64655 2.31097 -0.167757 
5.34879 3.63441 2.31933 -0.162368 
5.3597 3.62276 2.32768 -0.156978 
5.37034 3.61159 2.33604 -0.151589 
5.3807 3.60089 2.34439 -0.1462 
5.39077 3.59067 2.35275 -0.14081 
5.40054 3.58091 2.3611 -0.135421 
5.41001 3.57161 2.36946 -0.130032 
5.41867 3.5633 2.38486 -0.10992 
5.42598 3.5565 2.40027 -0.0898083 
5.4319 3.55116 2.41567 -0.0696965 
5.43639 3.54723 2.43108 -0.0495846 
5.43941 3.54467 2.44648 -0.0294728 
5.44091 3.54344 2.46189 -0.00936101 
5.44085 3.54348 2.47729 0.0107508 
5.4392 3.54475 2.4927 0.0308626 
5.43592 3.5472 2.5081 0.0509744 
5.43097 3.55077 2.52351 0.0710863 
5.42432 3.55542 2.53891 0.0911981 
5.41594 3.56109 2.55432 0.11131 
5.40578 3.56773 2.56972 0.131422 
5.39382 3.5753 2.58513 0.151534 
5.38004 3.58372 2.60053 0.171645 
5.36439 3.59296 2.61594 0.191757 
5.34685 3.60295 2.63134 0.211869 

