1 -5 0 0 
1.00032 -5 0.00312747 0.00631128 
1.00126 -4.99999 0.00625495 0.0126226 
1.00284 -4.99998 0.00938242 0.0189339 
1.00505 -4.99996 0.0125099 0.0252451 
1.00789 -4.99992 0.0156374 0.0315564 
1.01136 -4.99986 0.0187648 0.0378677 
1.01546 -4.99977 0.0218923 0.044179 
1.02019 -4.99966 0.0250198 0.0504903 
1.02379 -4.99955 0.0374641 0.0215419 
1.0245 -4.99953 0.0499084 -0.00740649 
1.02231 -4.99965 0.0623527 -0.0363549 
1.01724 -5 0.074797 -0.0653032 
1.0119 -5.00035 0.053998 -0.0418084 
1.0089 -5.00049 0.033199 -0.0183135 
1.00824 -5.00051 0.0124 0.0051813 
1.00993 -5.00051 -0.00839897 0.0286761 
1.01397 -5.00059 -0.029198 0.052171 
1.02036 -5.00084 -0.0499969 0.0756658 
1.02909 -5.00138 -0.0707959 0.0991607 
1.04014 -5.00228 -0.0915949 0.122656 
1.05351 -5.00365 -0.112394 0.14615 
1.06918 -5.00559 -0.133193 0.169645 
1.08713 -5.00819 -0.153992 0.19314 
1.10571 -5.01122 -0.17009 0.183314 
1.12327 -5.01438 -0.186188 0.173487 
1.13981 -5.01764 -0.202286 0.163661 
1.15533 -5.02095 -0.218384 0.153834 
1.16984 -5.02429 -0.234482 0.144008 
1.18335 -5.02763 -0.250579 0.134181 
1.19584 -5.03094 -0.266677 0.124355 
1.20734 -5.03417 -0.282775 0.114528 
1.21784 -5.03732 -0.298873 0.104702 
1.22735 -5.04033 -0.314971 0.0948753 
1.23588 -5.04318 -0.331069 0.0850488 
1.24344 -5.04585 -0.347167 0.0752224 
1.25003 -5.04829 -0.363265 0.0653959 
1.25567 -5.05049 -0.379363 0.0555694 
1.26036 -5.0524 -0.395461 0.0457429 
1.26412 -5.054 -0.411559 0.0359165 
1.26695 -5.05526 -0.427657 0.02609 
1.27065 -5.05692 -0.416526 0.055049 
1.27703 -5.0597 -0.405396 0.084008 
1.2861 -5.06353 -0.394266 0.112967 
1.29789 -5.06836 -0.383136 0.141926 
1.31243 -5.07412 -0.372006 0.170885 
1.32974 -5.08076 -0.360876 0.199844 
1.34983 -5.08821 -0.349746 0.228803 
1.37274 -5.09642 -0.338615 0.257762 
1.39847 -5.10532 -0.327485 0.286721 
1.42669 -5.11478 -0.319631 0.308589 
1.45654 -5.12497 -0.338017 0.322323 
1.4875 -5.13617 -0.356403 0.336058 
1.51952 -5.14843 -0.374788 0.349793 
1.55259 -5.1618 -0.393174 0.363528 
1.58667 -5.1763 -0.41156 0.377263 
1.62173 -5.19199 -0.429946 0.390997 
1.65774 -5.20891 -0.448332 0.404732 
1.69466 -5.22709 -0.466717 0.418467 
1.73247 -5.24658 -0.485103 0.432202 
1.77112 -5.26741 -0.503489 0.445937 
1.81058 -5.28963 -0.521875 0.459671 
1.8508 -5.31325 -0.540261 0.473406 
1.89176 -5.33834 -0.558646 0.487141 
1.93341 -5.36491 -0.577032 0.500876 
1.97604 -5.39266 -0.577288 0.516557 
2.01998 -5.42129 -0.577543 0.532237 
2.06522 -5.45078 -0.577798 0.547918 
2.11037 -5.47963 -0.559354 0.523689 
2.15397 -5.50638 -0.54091 0.49946 
2.19735 -5.53254 -0.544363 0.513639 
2.24185 -5.55958 -0.547816 0.527818 
2.28747 -5.58752 -0.55127 0.541998 
2.33419 -5.61636 -0.554723 0.556177 
2.38202 -5.64611 -0.558177 0.570356 
2.43095 -5.67678 -0.56163 0.584535 
2.48097 -5.70838 -0.565083 0.598715 
2.53207 -5.74091 -0.568537 0.612894 
2.58426 -5.77438 -0.57199 0.627073 
2.63752 -5.8088 -0.575444 0.641253 
2.69185 -5.84417 -0.578897 0.655432 
2.74725 -5.88052 -0.58235 0.669611 
2.8037 -5.91783 -0.585804 0.683791 
2.8612 -5.95613 -0.589257 0.69797 
2.92 -5.99418 -0.559553 0.702885 
2.98033 -6.03073 -0.529848 0.707799 
3.04214 -6.06571 -0.500144 0.712714 
3.1054 -6.09907 -0.47044 0.717629 
3.17006 -6.13075 -0.440735 0.722543 
3.23608 -6.1607 -0.411031 0.727458 
3.30342 -6.18886 -0.381327 0.732373 
3.37202 -6.21519 -0.351623 0.737287 
3.44184 -6.23963 -0.321918 0.742202 
3.51282 -6.26214 -0.292214 0.747117 
3.58491 -6.28266 -0.26251 0.752031 
3.65805 -6.30116 -0.232805 0.756946 
3.73219 -6.31757 -0.203101 0.761861 
3.80727 -6.33188 -0.173397 0.766775 
3.88323 -6.34402 -0.143692 0.77169 
3.96 -6.35396 -0.113988 0.776605 
4.03752 -6.36167 -0.0842838 0.781519 
4.11573 -6.36711 -0.0545795 0.786434 
4.19455 -6.37024 -0.0248751 0.791349 
4.27392 -6.37104 0.00482916 0.796263 
4.35321 -6.37108 -0.00604948 0.789469 
4.43181 -6.37199 -0.0169281 0.782674 
4.50972 -6.37373 -0.0278068 0.77588 
4.58692 -6.3763 -0.0386854 0.769085 
4.66342 -6.37967 -0.049564 0.76229 
4.73919 -6.38384 -0.0604427 0.755496 
4.81424 -6.3888 -0.0713213 0.748701 
4.88765 -6.39397 -0.0692727 0.723202 
4.95853 -6.39881 -0.0672241 0.697703 
5.02688 -6.40334 -0.0651755 0.672204 
5.09435 -6.40753 -0.0587604 0.679896 
5.16262 -6.41132 -0.0523453 0.687589 
5.23168 -6.41472 -0.0459302 0.695281 
5.30153 -6.41771 -0.0395152 0.702974 
5.37216 -6.42027 -0.0331001 0.710666 
5.44358 -6.42241 -0.026685 0.718359 
5.51578 -6.4241 -0.0202699 0.726052 
5.58876 -6.42535 -0.0138549 0.733744 
5.66252 -6.42613 -0.00743979 0.741437 
5.73705 -6.42645 -0.00102471 0.749129 
5.81234 -6.42628 0.00539036 0.756822 
5.88841 -6.42563 0.0118054 0.764514 
5.96523 -6.42447 0.0182205 0.772207 
6.04282 -6.42281 0.0246356 0.779899 
6.12117 -6.42063 0.0310507 0.787592 
6.20036 -6.41758 0.0457884 0.79747 
6.28049 -6.41332 0.0605261 0.807349 
6.36153 -6.40781 0.0752638 0.817228 
6.44346 -6.40102 0.0900014 0.827106 
6.52627 -6.39293 0.104739 0.836985 
6.60993 -6.38351 0.119477 0.846864 
6.69443 -6.37273 0.134215 0.856743 
6.77974 -6.36057 0.148952 0.866621 
6.86583 -6.347 0.16369 0.8765 
6.95268 -6.332 0.178428 0.886379 
7.04028 -6.31553 0.193165 0.896257 
7.12859 -6.29758 0.207903 0.906136 
7.2176 -6.27811 0.222641 0.916015 
7.30727 -6.25712 0.237378 0.925893 
7.39757 -6.23456 0.252116 0.935772 
7.48849 -6.21042 0.266854 0.945651 
7.58 -6.18468 0.281591 0.95553 
7.67017 -6.15779 0.298099 0.926402 
7.7579 -6.13174 0.279066 0.903977 
7.84396 -6.10797 0.260032 0.881551 
7.92827 -6.08639 0.240998 0.859125 
8.0108 -6.06693 0.221965 0.8367 
8.09149 -6.04952 0.202931 0.814274 
8.1703 -6.03408 0.183898 0.791848 
8.24717 -6.02054 0.164864 0.769423 
8.32208 -6.0088 0.14583 0.746997 
8.39497 -5.9988 0.126797 0.724571 
8.46582 -5.99045 0.107763 0.702146 
8.53458 -5.98367 0.0887295 0.67972 
8.60122 -5.97837 0.0696959 0.657294 
8.66571 -5.97448 0.0506623 0.634869 
8.72959 -5.97039 0.077338 0.645469 
8.7944 -5.96449 0.104014 0.656069 
8.86008 -5.95675 0.130689 0.66667 
8.92658 -5.9471 0.157365 0.67727 
8.99384 -5.9355 0.184041 0.687871 
9.06181 -5.92191 0.210717 0.698471 
9.13042 -5.90627 0.237392 0.709071 
9.19962 -5.88854 0.264068 0.719672 
9.26935 -5.86869 0.290744 0.730272 
9.33953 -5.84666 0.317419 0.740873 
9.4101 -5.82243 0.344095 0.751473 
9.48099 -5.79595 0.370771 0.762073 
9.55213 -5.76719 0.397446 0.772674 
9.62461 -5.7377 0.375639 0.792353 
9.69755 -5.70885 0.377686 0.776388 
9.76894 -5.68044 0.379732 0.760424 
9.8388 -5.65247 0.381778 0.744459 
9.90712 -5.62497 0.383824 0.728495 
9.9739 -5.59792 0.38587 0.712531 
10.0391 -5.57133 0.387917 0.696566 
10.1029 -5.54522 0.389963 0.680602 
10.165 -5.51959 0.392009 0.664637 
10.2257 -5.49444 0.394055 0.648673 
10.2848 -5.46978 0.396101 0.632709 
10.3424 -5.44562 0.398148 0.616744 
10.3985 -5.42196 0.400194 0.60078 
10.4531 -5.39881 0.40224 0.584815 
10.5062 -5.37617 0.404286 0.568851 
10.5577 -5.35406 0.406332 0.552886 
10.6096 -5.33144 0.415628 0.579403 
10.6637 -5.30725 0.424924 0.60592 
10.72 -5.28147 0.43422 0.632437 
10.7785 -5.25403 0.443515 0.658954 
10.8371 -5.2269 0.423437 0.632563 
10.8938 -5.20201 0.403359 0.606171 
10.9485 -5.17928 0.383281 0.579779 
11.0013 -5.15862 0.363203 0.553388 
11.052 -5.13993 0.343124 0.526996 
11.1005 -5.12313 0.323046 0.500604 
11.1469 -5.10812 0.302968 0.474213 
11.191 -5.0948 0.28289 0.447821 
11.2329 -5.08309 0.262811 0.42143 
11.2724 -5.07287 0.242733 0.395038 
11.3096 -5.06406 0.222655 0.368646 
11.3443 -5.05656 0.202577 0.342255 
11.3765 -5.0499 0.205248 0.315427 
11.4061 -5.04371 0.20792 0.2886 
11.433 -5.03799 0.210591 0.261772 
11.4573 -5.03277 0.213262 0.234945 
11.4789 -5.02805 0.215934 0.208117 
11.4979 -5.02385 0.218605 0.18129 
11.5143 -5.02019 0.221277 0.154462 
11.5281 -5.01708 0.223948 0.127635 
11.5392 -5.01453 0.22662 0.100807 
11.5477 -5.01255 0.229291 0.07398 
11.5536 -5.01117 0.231962 0.0471525 
11.5569 -5.01039 0.234634 0.0203251 
11.5576 -5.01023 0.237305 -0.0065024 
11.5556 -5.0107 0.239977 -0.0333299 
11.5511 -5.01182 0.242648 -0.0601573 
11.544 -5.01359 0.245319 -0.0869848 
11.5342 -5.01605 0.247991 -0.113812 
11.5245 -5.01867 0.277481 -0.0883528 
11.5172 -5.02084 0.30697 -0.0628932 
11.5125 -5.02242 0.33646 -0.0374337 
11.5101 -5.02326 0.36595 -0.0119742 
11.5102 -5.02323 0.39544 0.0134854 
11.5126 -5.02218 0.42493 0.0389449 
11.5173 -5.01997 0.454419 0.0644044 
11.5242 -5.01648 0.483909 0.0898639 
11.5332 -5.01157 0.513399 0.115323 
11.5442 -5.00511 0.542889 0.140783 
11.5572 -4.99698 0.572379 0.166243 
11.5721 -4.98706 0.601868 0.191702 
11.5888 -4.97523 0.631358 0.217162 
11.6072 -4.96139 0.660848 0.242621 
11.6271 -4.94542 0.690338 0.268081 
11.6485 -4.92721 0.719828 0.29354 
11.6712 -4.90668 0.749317 0.319 
11.6951 -4.88373 0.778807 0.344459 
11.7202 -4.85826 0.808297 0.369919 
11.7452 -4.83244 0.795226 0.348686 
11.769 -4.80845 0.782156 0.327454 
11.7916 -4.78627 0.769085 0.306221 
11.813 -4.76585 0.756014 0.284989 
11.8331 -4.74715 0.742944 0.263756 
11.8518 -4.73015 0.729873 0.242524 
11.8692 -4.7148 0.716802 0.221291 
11.8852 -4.70106 0.703732 0.200059 
11.8997 -4.6889 0.690661 0.178826 
11.9127 -4.67826 0.67759 0.157594 
11.9242 -4.66912 0.66452 0.136361 
11.9342 -4.66143 0.651449 0.115129 
11.9425 -4.65515 0.638378 0.0938962 
11.9493 -4.65023 0.625308 0.0726637 
11.9554 -4.64592 0.602714 0.0769709 
11.9612 -4.64183 0.623454 0.0650571 
11.9659 -4.63833 0.644193 0.0531433 
11.9697 -4.63546 0.664933 0.0412295 
11.9724 -4.63326 0.685672 0.0293157 
11.9742 -4.63176 0.706412 0.0174019 
11.9751 -4.63101 0.727152 0.00548805 
11.9764 -4.62981 0.74782 0.0302099 
11.9795 -4.62688 0.768489 0.0549318 
11.9843 -4.62215 0.789157 0.0796536 
11.9907 -4.61555 0.809826 0.104376 
11.9987 -4.60701 0.830494 0.129097 
12.0081 -4.59647 0.851163 0.153819 
12.0189 -4.58385 0.871831 0.178541 
12.031 -4.56911 0.8925 0.203263 
12.0444 -4.55218 0.913168 0.227985 
12.0589 -4.53301 0.933837 0.252707 
12.0744 -4.51153 0.954505 0.277429 
12.091 -4.48748 0.979154 0.307013 
12.1086 -4.46055 1.0038 0.336598 
12.1271 -4.43067 1.02845 0.366183 
12.1464 -4.3978 1.0531 0.395768 
12.1662 -4.36187 1.07775 0.425353 
12.1866 -4.32285 1.10239 0.454938 
12.2073 -4.28067 1.12704 0.484523 
12.2282 -4.23531 1.15169 0.514108 
12.2491 -4.18674 1.17634 0.543692 
12.2699 -4.13492 1.20099 0.573277 
12.2905 -4.07983 1.22564 0.602862 
12.3106 -4.02145 1.25028 0.632447 
12.3303 -3.95978 1.27493 0.662032 
12.3492 -3.8948 1.29958 0.691617 
12.3673 -3.82651 1.32423 0.721202 
12.3843 -3.75492 1.34888 0.750787 
12.4003 -3.68004 1.37353 0.780371 
12.4145 -3.60286 1.40274 0.789475 
12.4267 -3.52439 1.43195 0.798578 
12.4366 -3.4447 1.46116 0.807681 
12.4443 -3.36384 1.49037 0.816784 
12.4497 -3.28189 1.51958 0.825887 
12.4528 -3.1989 1.54879 0.83499 
12.4534 -3.11496 1.578 0.844094 
12.4515 -3.03011 1.60721 0.853197 
12.4471 -2.94445 1.63642 0.8623 
12.4402 -2.85805 1.66563 0.871403 
12.4306 -2.77098 1.69484 0.880506 
12.4184 -2.68333 1.72405 0.88961 
12.4035 -2.59517 1.75326 0.898713 
12.3858 -2.5066 1.78247 0.907816 
12.3653 -2.41769 1.81168 0.916919 
12.342 -2.32854 1.84089 0.926022 
12.3159 -2.23923 1.8701 0.935125 
12.2894 -2.14967 1.84712 0.932982 
12.265 -2.05973 1.82414 0.930839 
12.2427 -1.96946 1.80116 0.928695 
12.2226 -1.87892 1.77819 0.926552 
12.2045 -1.78814 1.75521 0.924409 
12.1886 -1.69719 1.73223 0.922265 
12.1749 -1.6061 1.70925 0.920122 
12.1633 -1.51494 1.68627 0.917979 
12.1537 -1.42375 1.66329 0.915835 
12.1463 -1.33257 1.64031 0.913692 
12.141 -1.24146 1.61733 0.911548 
12.1378 -1.15048 1.59435 0.909405 
12.1368 -1.05965 1.57137 0.907262 
12.1377 -0.969039 1.5484 0.905118 
12.1408 -0.878688 1.52542 0.902975 
12.1459 -0.788645 1.50244 0.900832 
12.1531 -0.698958 1.47946 0.898688 
12.1623 -0.609672 1.45648 0.896545 
12.1736 -0.520835 1.4335 0.894402 
12.1868 -0.432491 1.41052 0.892258 
12.2018 -0.345256 1.39022 0.878094 
12.2183 -0.259736 1.36992 0.863929 
12.2363 -0.175953 1.34962 0.849764 
12.2556 -0.0939301 1.32932 0.835599 
12.2762 -0.0136882 1.30902 0.821435 
12.2981 0.064754 1.28872 0.80727 
12.3211 0.14138 1.26842 0.793105 

