1 -5 0 0 
0.99872 -5 0.000358771 -0.0255995 
0.99488 -5 0.000717541 -0.0511991 
0.990922 -5.00003 0.0133348 -0.0279573 
0.989289 -5.00006 0.025952 -0.00471556 
0.989979 -5.00003 0.0385692 0.0185262 
0.992991 -4.9999 0.0511865 0.041768 
0.998321 -4.99959 0.0638037 0.0650097 
1.00596 -4.99905 0.076421 0.0882515 
1.01592 -4.99822 0.0890382 0.111493 
1.02817 -4.99704 0.101655 0.134735 
1.04272 -4.99546 0.114273 0.157977 
1.05983 -4.99352 0.112067 0.186369 
1.07976 -4.9913 0.109862 0.214761 
1.10252 -4.98882 0.107656 0.243153 
1.12811 -4.98608 0.105451 0.271545 
1.15653 -4.9831 0.103245 0.299937 
1.18778 -4.9799 0.10104 0.328329 
1.22186 -4.97648 0.0988342 0.356721 
1.25878 -4.97287 0.0966287 0.385114 
1.29853 -4.96906 0.0944232 0.413506 
1.34111 -4.96507 0.0922177 0.441898 
1.38653 -4.96092 0.0900122 0.47029 
1.43479 -4.95662 0.0878067 0.498682 
1.48588 -4.95218 0.0856013 0.527074 
1.53982 -4.94761 0.0833958 0.555466 
1.59659 -4.94293 0.0811903 0.583858 
1.6562 -4.93815 0.0789848 0.61225 
1.71866 -4.93327 0.0767793 0.640642 
1.78396 -4.92832 0.0745738 0.669035 
1.85076 -4.92305 0.083023 0.67114 
1.91772 -4.91719 0.0914723 0.673245 
1.98484 -4.91075 0.0999216 0.675351 
2.05211 -4.90372 0.108371 0.677456 
2.11954 -4.89609 0.11682 0.679562 
2.1871 -4.88787 0.125269 0.681667 
2.2548 -4.87906 0.133719 0.683773 
2.32263 -4.86964 0.142168 0.685878 
2.39059 -4.85962 0.150617 0.687984 
2.45867 -4.84899 0.159066 0.690089 
2.52686 -4.83776 0.167516 0.692195 
2.59517 -4.82591 0.175965 0.6943 
2.66358 -4.81345 0.184414 0.696406 
2.73208 -4.80037 0.192863 0.698511 
2.80069 -4.78667 0.201313 0.700617 
2.86938 -4.77235 0.209762 0.702722 
2.93815 -4.7574 0.218211 0.704828 
3.007 -4.74183 0.22666 0.706933 
3.07592 -4.72563 0.23511 0.709039 
3.1449 -4.7088 0.243559 0.711144 
3.2131 -4.69214 0.235557 0.69299 
3.27967 -4.67644 0.227555 0.674836 
3.34459 -4.66168 0.219552 0.656682 
3.40785 -4.64783 0.21155 0.638528 
3.46944 -4.63486 0.203548 0.620374 
3.52936 -4.62274 0.195546 0.60222 
3.58759 -4.61145 0.187544 0.584065 
3.64412 -4.60095 0.179542 0.565911 
3.69895 -4.59122 0.17154 0.547757 
3.75206 -4.58224 0.163537 0.529603 
3.80345 -4.57397 0.155535 0.511449 
3.85311 -4.56638 0.147533 0.493295 
3.90104 -4.55946 0.139531 0.475141 
3.94722 -4.55316 0.131529 0.456987 
3.99164 -4.54746 0.123527 0.438832 
4.03431 -4.54234 0.115524 0.420678 
4.07522 -4.53775 0.107522 0.402524 
4.11435 -4.53369 0.09952 0.38437 
4.15171 -4.53011 0.0915179 0.366216 
4.18801 -4.52713 0.0720285 0.362277 
4.22397 -4.52489 0.0525392 0.358339 
4.25957 -4.52336 0.0330499 0.3544 
4.29481 -4.52254 0.0135605 0.350462 
4.32966 -4.52241 -0.00592882 0.346523 
4.36416 -4.52261 -0.00561708 0.343585 
4.39837 -4.52279 -0.00530535 0.340647 
4.43229 -4.52297 -0.00499361 0.337708 
4.46591 -4.52313 -0.00468188 0.33477 
4.49924 -4.52328 -0.00437014 0.331832 
4.53228 -4.52342 -0.00405841 0.328893 
4.56502 -4.52355 -0.00374667 0.325955 
4.59747 -4.52366 -0.00343494 0.323017 
4.62962 -4.52377 -0.0031232 0.320078 
4.66148 -4.52386 -0.00281147 0.31714 
4.69305 -4.52395 -0.00249973 0.314202 
4.72432 -4.52402 -0.002188 0.311264 
4.7553 -4.52408 -0.00187626 0.308325 
4.78599 -4.52414 -0.00156453 0.305387 
4.81638 -4.52418 -0.00125279 0.302449 
4.84648 -4.52421 -0.000941055 0.29951 
4.87628 -4.52424 -0.00062932 0.296572 
4.90579 -4.52425 -0.000317585 0.293634 
4.93501 -4.52426 -5.8497e-06 0.290695 
4.96393 -4.52425 0.000305885 0.287757 
4.99374 -4.52417 0.00473463 0.308329 
5.0256 -4.52395 0.00916338 0.328902 
5.05951 -4.52357 0.0135921 0.349474 
5.09585 -4.52299 0.0181363 0.3773 
5.13496 -4.52219 0.0226804 0.405127 
5.17685 -4.52114 0.0272246 0.432953 
5.22152 -4.51982 0.0317687 0.46078 
5.26896 -4.51821 0.0363129 0.488606 
5.31918 -4.51627 0.040857 0.516433 
5.37216 -4.51398 0.0454011 0.544259 
5.42791 -4.51132 0.0499453 0.572086 
5.48643 -4.50826 0.0544894 0.599912 
5.54655 -4.50449 0.0706518 0.604797 
5.60709 -4.49972 0.0868142 0.609683 
5.66796 -4.4947 0.0776079 0.6119 
5.7291 -4.49023 0.0684015 0.614118 
5.79049 -4.48631 0.0591951 0.616335 
5.85215 -4.48294 0.0499888 0.618553 
5.91405 -4.48013 0.0407824 0.62077 
5.97619 -4.47788 0.031576 0.622988 
6.03858 -4.47619 0.0223697 0.625205 
6.1012 -4.47508 0.0131633 0.627423 
6.16297 -4.47392 0.02463 0.60813 
6.22279 -4.4721 0.0360966 0.588837 
6.28066 -4.46968 0.0475633 0.569544 
6.33657 -4.4667 0.0590299 0.550251 
6.39051 -4.4632 0.0704966 0.530958 
6.44249 -4.45924 0.0819632 0.511665 
6.4925 -4.45484 0.0934299 0.492372 
6.54054 -4.45006 0.104897 0.473079 
6.5866 -4.44495 0.116363 0.453786 
6.63068 -4.43954 0.12783 0.434493 
6.67279 -4.43389 0.139297 0.4152 
6.71292 -4.42803 0.150763 0.395907 
6.75107 -4.42201 0.16223 0.376614 
6.78725 -4.41587 0.173696 0.357321 
6.82119 -4.41001 0.168255 0.331429 
6.8526 -4.40477 0.162813 0.305537 
6.88148 -4.4001 0.157371 0.279645 
6.90784 -4.39599 0.151929 0.253753 
6.93165 -4.39241 0.146487 0.227861 
6.95292 -4.38933 0.141045 0.201969 
6.97164 -4.38672 0.135603 0.176077 
6.98781 -4.38456 0.130161 0.150185 
7.00142 -4.38281 0.124719 0.124293 
7.01445 -4.381 0.151346 0.138819 
7.02886 -4.3786 0.177973 0.153344 
7.04463 -4.37555 0.2046 0.167869 
7.06172 -4.37176 0.231226 0.182394 
7.08013 -4.36716 0.257853 0.196919 
7.0998 -4.36169 0.28448 0.211445 
7.1207 -4.35527 0.311107 0.22597 
7.14281 -4.34783 0.337733 0.240495 
7.16607 -4.33931 0.36436 0.25502 
7.19045 -4.32964 0.390987 0.269546 
7.2159 -4.31874 0.417614 0.284071 
7.24236 -4.30657 0.44424 0.298596 
7.2698 -4.29306 0.470867 0.313121 
7.29815 -4.27814 0.497494 0.327646 
7.32737 -4.26177 0.52412 0.342172 
7.35738 -4.24388 0.550747 0.356697 
7.38814 -4.22442 0.577374 0.371222 
7.41957 -4.20333 0.604001 0.385747 
7.45165 -4.18136 0.597237 0.391975 
7.4844 -4.15925 0.590473 0.398203 
7.51781 -4.13702 0.58371 0.404431 
7.55189 -4.11468 0.576946 0.410659 
7.58665 -4.09222 0.570182 0.416887 
7.62208 -4.06967 0.563419 0.423114 
7.65819 -4.04703 0.556655 0.429342 
7.69498 -4.02431 0.549891 0.43557 
7.73246 -4.00151 0.543128 0.441798 
7.77063 -3.97864 0.536364 0.448026 
7.80949 -3.95572 0.5296 0.454253 
7.84803 -3.9335 0.516153 0.435462 
7.88522 -3.91272 0.502705 0.416671 
7.92104 -3.89334 0.489257 0.39788 
7.95545 -3.87531 0.47581 0.379089 
7.98843 -3.8586 0.462362 0.360298 
8.01994 -3.84316 0.448915 0.341507 
8.04995 -3.82894 0.435467 0.322716 
8.07845 -3.81591 0.422019 0.303925 
8.10539 -3.80403 0.408572 0.285134 
8.13077 -3.79324 0.395124 0.266343 
8.15397 -3.78355 0.395977 0.236533 
8.17442 -3.775 0.39683 0.206723 
8.19211 -3.76758 0.397683 0.176913 
8.20704 -3.7613 0.398536 0.147103 
8.21922 -3.75616 0.399389 0.117293 
8.22865 -3.75218 0.400242 0.0874825 
8.23534 -3.74935 0.401095 0.0576725 
8.23927 -3.74767 0.401948 0.0278624 
8.24046 -3.74717 0.402801 -0.00194764 
8.24157 -3.74668 0.418247 0.0261184 
8.24523 -3.74502 0.433694 0.0541844 
8.25139 -3.7421 0.44914 0.0822504 
8.26003 -3.73785 0.464587 0.110316 
8.2711 -3.73219 0.480033 0.138382 
8.28457 -3.72504 0.49548 0.166448 
8.30037 -3.71634 0.510927 0.194514 
8.31848 -3.706 0.526373 0.22258 
8.33885 -3.69395 0.54182 0.250646 
8.36142 -3.68012 0.557266 0.278712 
8.38436 -3.66557 0.57326 0.264538 
8.40587 -3.65144 0.589254 0.250364 
8.42599 -3.63776 0.605247 0.23619 
8.44473 -3.62458 0.621241 0.222016 
8.4621 -3.61193 0.637235 0.207841 
8.47814 -3.59986 0.653228 0.193667 
8.49287 -3.5884 0.669222 0.179493 
8.50631 -3.5776 0.685216 0.165319 
8.51848 -3.56749 0.701209 0.151145 
8.52941 -3.55811 0.717203 0.13697 
8.53914 -3.5495 0.733197 0.122796 
8.54767 -3.54169 0.74919 0.108622 
8.55505 -3.53471 0.765184 0.0944478 
8.56131 -3.52861 0.781178 0.0802736 
8.56646 -3.52342 0.797171 0.0660994 
8.57055 -3.51917 0.813165 0.0519252 
8.57502 -3.51436 0.828825 0.0793322 
8.58125 -3.50745 0.844485 0.106739 
8.58918 -3.49838 0.860145 0.134146 
8.59873 -3.4871 0.875805 0.161553 
8.60985 -3.47355 0.891465 0.18896 
8.62245 -3.45768 0.907125 0.216367 
8.63648 -3.43945 0.922785 0.243774 
8.65186 -3.41879 0.938445 0.271181 
8.66851 -3.39568 0.954105 0.298588 
8.6864 -3.37044 0.954254 0.320095 
8.70553 -3.34345 0.954403 0.341602 
8.7259 -3.3147 0.954553 0.36311 
8.7475 -3.28419 0.954702 0.384617 
8.77035 -3.25192 0.954851 0.406124 
8.79443 -3.21789 0.955001 0.427631 
8.81975 -3.1821 0.95515 0.449138 
8.8463 -3.14455 0.955299 0.470645 
8.87409 -3.10524 0.955448 0.492153 
8.90312 -3.06418 0.955598 0.51366 
8.93338 -3.02135 0.955747 0.535167 
8.96488 -2.97676 0.955896 0.556674 
8.99761 -2.93041 0.956045 0.578181 
9.03157 -2.88229 0.956195 0.599688 
9.06677 -2.83242 0.956344 0.621196 
9.1032 -2.78078 0.956493 0.642703 
9.14086 -2.72738 0.956642 0.66421 

