1 -5 0 0 
1.00127 -4.99999 0.00888638 0.0254133 
1.00508 -4.99994 0.0177728 0.0508266 
1.01143 -4.9998 0.0266591 0.0762399 
1.02032 -4.99952 0.0355455 0.101653 
1.03175 -4.99906 0.0444319 0.127067 
1.04571 -4.99837 0.0533183 0.15248 
1.0622 -4.99742 0.0622047 0.177893 
1.08122 -4.99615 0.0710911 0.203306 
1.10276 -4.99452 0.0799774 0.22872 
1.12682 -4.99248 0.0888638 0.254133 
1.15338 -4.98999 0.0977502 0.279546 
1.18246 -4.98701 0.106637 0.30496 
1.21403 -4.98348 0.115523 0.330373 
1.24809 -4.97938 0.124409 0.355786 
1.28261 -4.97454 0.15435 0.341469 
1.31556 -4.96891 0.18429 0.327152 
1.34693 -4.96258 0.21423 0.312835 
1.3767 -4.95563 0.244171 0.298517 
1.40486 -4.94817 0.274111 0.2842 
1.43141 -4.94028 0.304051 0.269883 
1.45636 -4.93204 0.333992 0.255566 
1.47971 -4.92355 0.363932 0.241248 
1.50145 -4.9149 0.393873 0.226931 
1.52162 -4.90616 0.423813 0.212614 
1.54022 -4.89744 0.453753 0.198297 
1.55727 -4.88881 0.483694 0.183979 
1.57292 -4.88031 0.511429 0.172094 
1.5873 -4.87198 0.539164 0.160209 
1.60042 -4.86388 0.566898 0.148324 
1.61233 -4.85607 0.594633 0.136439 
1.62465 -4.84754 0.616138 0.163411 
1.63898 -4.83716 0.637642 0.190383 
1.65522 -4.82484 0.659147 0.217355 
1.67248 -4.81138 0.665591 0.220345 
1.68989 -4.79763 0.672035 0.223335 
1.70743 -4.78357 0.678478 0.226324 
1.72512 -4.76922 0.684922 0.229314 
1.74295 -4.75456 0.691366 0.232304 
1.76092 -4.73959 0.69781 0.235294 
1.77901 -4.72432 0.704254 0.238284 
1.79723 -4.70874 0.710698 0.241274 
1.81558 -4.69284 0.717141 0.244264 
1.83405 -4.67663 0.723585 0.247253 
1.85264 -4.6601 0.730029 0.250243 
1.87134 -4.64325 0.736473 0.253233 
1.89016 -4.62608 0.742917 0.256223 
1.90909 -4.60859 0.74936 0.259213 
1.92811 -4.59077 0.755804 0.262203 
1.94725 -4.57262 0.762248 0.265192 
1.96648 -4.55414 0.768692 0.268182 
1.9858 -4.53533 0.775136 0.271172 
2.00522 -4.51618 0.78158 0.274162 
2.02472 -4.4967 0.788023 0.277152 
2.04522 -4.47625 0.780289 0.302092 
2.06767 -4.45421 0.772555 0.327032 
2.09207 -4.43061 0.764821 0.351972 
2.11847 -4.40548 0.757087 0.376912 
2.14687 -4.37885 0.749353 0.401852 
2.17732 -4.35074 0.741619 0.426792 
2.20982 -4.3212 0.733885 0.451732 
2.24441 -4.29024 0.726151 0.476672 
2.27969 -4.25909 0.72071 0.464628 
2.31423 -4.22892 0.71527 0.452585 
2.34802 -4.19972 0.70983 0.440542 
2.38105 -4.17149 0.704389 0.428498 
2.41332 -4.14422 0.698949 0.416455 
2.44481 -4.1179 0.693508 0.404411 
2.47552 -4.09252 0.688068 0.392368 
2.50543 -4.06806 0.682628 0.380324 
2.53453 -4.04453 0.677187 0.368281 
2.56283 -4.02191 0.671747 0.356237 
2.5903 -4.00018 0.666307 0.344194 
2.61694 -3.97935 0.660866 0.33215 
2.64274 -3.95941 0.655426 0.320107 
2.66769 -3.94033 0.649985 0.308063 
2.69179 -3.92212 0.644545 0.29602 
2.71501 -3.90475 0.639105 0.283976 
2.73737 -3.88824 0.633664 0.271933 
2.76019 -3.87165 0.623647 0.292271 
2.78483 -3.85411 0.613629 0.31261 
2.81049 -3.83592 0.619465 0.316428 
2.83635 -3.81737 0.625301 0.320246 
2.86242 -3.79843 0.631137 0.324064 
2.88868 -3.77912 0.636973 0.327882 
2.91513 -3.75943 0.642808 0.3317 
2.94177 -3.73935 0.648644 0.335518 
2.9686 -3.71889 0.65448 0.339335 
2.99562 -3.69804 0.660316 0.343153 
3.02281 -3.67679 0.666151 0.346971 
3.05017 -3.65515 0.671987 0.350789 
3.0763 -3.63404 0.687699 0.321171 
3.09983 -3.61441 0.703411 0.291553 
3.12079 -3.59634 0.719122 0.261935 
3.13926 -3.57992 0.734834 0.232317 
3.15529 -3.56522 0.750546 0.202699 
3.16893 -3.5523 0.766258 0.17308 
3.18025 -3.54124 0.781969 0.143462 
3.18931 -3.5321 0.797681 0.113844 
3.19764 -3.52345 0.809781 0.126416 
3.20674 -3.51379 0.821881 0.138987 
3.21656 -3.50308 0.833981 0.151559 
3.22709 -3.49133 0.846081 0.164131 
3.23831 -3.4785 0.858182 0.176702 
3.25019 -3.46458 0.870282 0.189274 
3.26271 -3.44956 0.882382 0.201845 
3.27583 -3.4334 0.894482 0.214417 
3.28954 -3.41611 0.906582 0.226988 
3.30381 -3.39765 0.918682 0.23956 
3.31861 -3.37802 0.930782 0.252132 
3.33391 -3.3572 0.942882 0.264703 
3.3497 -3.33517 0.954982 0.277275 
3.36594 -3.31193 0.967082 0.289846 
3.38299 -3.28682 0.980946 0.317126 
3.40119 -3.25921 0.99481 0.344405 
3.42048 -3.22904 1.00867 0.371684 
3.44079 -3.1963 1.02254 0.398963 
3.46205 -3.16093 1.0364 0.426243 
3.48419 -3.12292 1.05027 0.453522 
3.50714 -3.08223 1.06413 0.480801 
3.53083 -3.03883 1.07799 0.50808 
3.55496 -2.99474 1.06202 0.497286 
3.57926 -2.95197 1.04604 0.486492 
3.60369 -2.91053 1.03007 0.475698 
3.62822 -2.8704 1.0141 0.464904 
3.65281 -2.83159 0.998122 0.45411 
3.67743 -2.79407 0.982147 0.443316 
3.70203 -2.75784 0.966173 0.432522 
3.72659 -2.7229 0.950199 0.421728 
3.75107 -2.68922 0.934225 0.410934 
3.77543 -2.6568 0.918251 0.40014 
3.79965 -2.62563 0.902276 0.389346 
3.82369 -2.59569 0.886302 0.378552 
3.84751 -2.56697 0.870328 0.367757 
3.87109 -2.53945 0.854354 0.356963 
3.89403 -2.51314 0.853076 0.341259 
3.91597 -2.48804 0.851798 0.325555 
3.93691 -2.46415 0.85052 0.309851 
3.95685 -2.44146 0.849242 0.294147 
3.97577 -2.41998 0.847963 0.278443 
3.99368 -2.3997 0.846685 0.262739 
4.01058 -2.38061 0.845407 0.247035 
4.02646 -2.36273 0.844129 0.231331 
4.04132 -2.34603 0.842851 0.215627 
4.05515 -2.33053 0.841573 0.199923 
4.06796 -2.31622 0.840295 0.184219 
4.07973 -2.30309 0.839017 0.168515 
4.09048 -2.29114 0.837739 0.152811 
4.10018 -2.28037 0.836461 0.137107 
4.10885 -2.27079 0.835183 0.121403 
4.11648 -2.26237 0.833905 0.105699 
4.12306 -2.25513 0.832627 0.0899946 
4.12942 -2.24797 0.856395 0.101585 
4.13635 -2.23977 0.880163 0.113175 
4.14382 -2.23051 0.90393 0.124765 
4.15177 -2.22015 0.927698 0.136355 
4.16016 -2.20868 0.951466 0.147945 
4.16893 -2.19605 0.975234 0.159535 
4.17804 -2.18225 0.999001 0.171125 
4.18743 -2.16726 1.02277 0.182715 
4.19706 -2.15106 1.04654 0.194305 
4.20726 -2.13352 1.04153 0.211355 
4.21841 -2.11457 1.03652 0.228404 
4.23052 -2.09421 1.03152 0.245453 
4.24362 -2.07245 1.02651 0.262503 
4.25771 -2.0493 1.02151 0.279552 
4.27282 -2.02477 1.0165 0.296601 
4.28894 -1.99887 1.01149 0.313651 
4.30611 -1.9716 1.00649 0.3307 
4.32432 -1.94298 1.00148 0.347749 
4.3436 -1.91302 0.996475 0.364799 
4.36396 -1.88173 0.991468 0.381848 
4.38542 -1.84912 0.986462 0.398897 
4.40798 -1.81519 0.981456 0.415947 
4.43166 -1.77997 0.97645 0.432996 
4.45501 -1.74497 0.988707 0.408481 
4.47659 -1.71174 1.00097 0.383966 
4.49645 -1.68032 1.01322 0.359451 
4.51464 -1.65075 1.02548 0.334936 
4.53121 -1.62306 1.03774 0.310421 
4.54621 -1.59729 1.05 0.285906 
4.55968 -1.57347 1.06225 0.261391 
4.57168 -1.55164 1.07451 0.236876 
4.58226 -1.53182 1.08677 0.212361 
4.59146 -1.51405 1.09903 0.187846 
4.59935 -1.49837 1.11128 0.163332 
4.60597 -1.48479 1.12354 0.138817 
4.61137 -1.47334 1.1358 0.114302 
4.61562 -1.46406 1.14806 0.0897866 
4.61876 -1.45697 1.16031 0.0652717 
4.62085 -1.4521 1.17257 0.0407567 
4.62268 -1.44767 1.18174 0.0551009 
4.62502 -1.4419 1.19092 0.069445 
4.62782 -1.43477 1.20009 0.0837892 
4.63108 -1.42628 1.20926 0.0981334 
4.63476 -1.41641 1.21843 0.112478 
4.63884 -1.40516 1.2276 0.126822 
4.64329 -1.39252 1.23677 0.141166 
4.64808 -1.37849 1.24595 0.15551 
4.6532 -1.36305 1.25512 0.169854 
4.65844 -1.3462 1.2834 0.182912 
4.66355 -1.32796 1.31169 0.19597 
4.66846 -1.30832 1.33998 0.209028 
4.67309 -1.28726 1.36826 0.222086 
4.67737 -1.26481 1.39655 0.235144 
4.68121 -1.24095 1.42484 0.248202 
4.68456 -1.2157 1.45312 0.26126 
4.68732 -1.18906 1.48141 0.274318 
4.68943 -1.16106 1.5097 0.287376 
4.69081 -1.1317 1.53798 0.300434 
4.69135 -1.10202 1.56701 0.293407 
4.69104 -1.07303 1.59603 0.286381 
4.68992 -1.04477 1.62506 0.279354 
4.68803 -1.01725 1.65408 0.272327 
4.6854 -0.990495 1.68311 0.2653 
4.6821 -0.964527 1.71214 0.258274 
4.67814 -0.939361 1.74116 0.251247 
4.67359 -0.91501 1.77019 0.24422 
4.66848 -0.891489 1.79921 0.237193 
4.66286 -0.868807 1.82824 0.230167 
4.65678 -0.846975 1.85726 0.22314 
4.65027 -0.826 1.88629 0.216113 
4.64401 -0.805941 1.86031 0.204173 
4.63859 -0.786875 1.83434 0.192232 
4.63397 -0.768832 1.80837 0.180291 
4.63009 -0.751838 1.78239 0.168351 
4.62688 -0.73592 1.75642 0.15641 
4.62429 -0.721101 1.73045 0.14447 
4.62227 -0.7074 1.70447 0.132529 
4.62074 -0.694837 1.6785 0.120588 
4.61965 -0.683427 1.65253 0.108648 
4.61895 -0.673184 1.62656 0.0967073 
4.61842 -0.663798 1.62643 0.0913035 
4.61793 -0.654952 1.62631 0.0858997 
4.61747 -0.646645 1.62618 0.080496 
4.61704 -0.638877 1.62606 0.0750922 
4.61654 -0.629961 1.62834 0.103513 
4.61584 -0.618209 1.63063 0.131934 
4.61495 -0.603622 1.63291 0.160354 
4.61385 -0.586201 1.6352 0.188775 
4.61252 -0.565946 1.63748 0.217196 
4.61095 -0.542858 1.63977 0.245617 
4.60913 -0.51694 1.64205 0.274038 
4.60704 -0.48819 1.64434 0.302458 
4.60468 -0.456612 1.64662 0.330879 
4.60203 -0.422205 1.64891 0.3593 
4.59907 -0.384971 1.65119 0.387721 
4.5958 -0.344912 1.65348 0.416141 
4.59219 -0.302028 1.65576 0.444562 
4.58825 -0.25632 1.65805 0.472983 
4.58394 -0.207791 1.66033 0.501404 
4.57927 -0.156442 1.66262 0.529824 
4.57422 -0.102273 1.6649 0.558245 
4.56878 -0.0452874 1.66719 0.586666 
4.56383 0.0139671 1.64107 0.602577 
4.56035 0.0749189 1.61496 0.618489 
4.5584 0.137531 1.58884 0.6344 
4.55717 0.199805 1.59243 0.611309 
4.55576 0.259764 1.59602 0.588217 
4.5542 0.31741 1.59961 0.565125 
4.55251 0.372742 1.6032 0.542033 
4.55001 0.42774 1.62902 0.559073 
4.54598 0.484353 1.65485 0.576113 
4.54031 0.54254 1.68067 0.593154 
4.53371 0.601687 1.68324 0.597123 
4.52691 0.66121 1.68581 0.601093 
4.51991 0.721111 1.68838 0.605062 
4.51271 0.781387 1.69095 0.609032 
4.50531 0.842039 1.69352 0.613002 
4.49771 0.903065 1.69608 0.616971 
4.48989 0.964466 1.69865 0.620941 
4.48187 1.02624 1.70122 0.62491 
4.47364 1.08839 1.70379 0.62888 
4.46519 1.1509 1.70636 0.63285 
4.45616 1.21356 1.72167 0.633318 
4.44615 1.27612 1.73698 0.633787 
4.43519 1.33857 1.75228 0.634255 
4.42326 1.40089 1.76759 0.634724 
4.41037 1.46306 1.7829 0.635192 
4.39652 1.52507 1.79821 0.635661 
4.38171 1.58691 1.81351 0.636129 
4.36594 1.64857 1.82882 0.636598 
4.34922 1.71001 1.84413 0.637066 
4.33155 1.77124 1.85944 0.637535 
4.31292 1.83224 1.87475 0.638003 
4.29336 1.89299 1.89005 0.638472 
4.27285 1.95348 1.90536 0.63894 
4.2514 2.01369 1.92067 0.639409 
4.22901 2.07361 1.93598 0.639877 
4.2057 2.13322 1.95129 0.640346 
4.18145 2.19251 1.96659 0.640815 
4.15629 2.25147 1.9819 0.641283 
4.1302 2.31008 1.99721 0.641752 
4.10413 2.36816 1.98819 0.631516 
4.07899 2.42553 1.97918 0.621281 
4.05478 2.48219 1.97016 0.611046 
4.03147 2.53812 1.96115 0.60081 
4.00905 2.59331 1.95213 0.590575 
3.98751 2.64775 1.94311 0.58034 
3.96682 2.70142 1.9341 0.570105 
3.94698 2.75432 1.92508 0.559869 
3.92797 2.80644 1.91606 0.549634 
3.90977 2.85776 1.90705 0.539399 
3.89237 2.90827 1.89803 0.529163 
3.87575 2.95797 1.88902 0.518928 
3.85989 3.00685 1.88 0.508693 
3.84479 3.05488 1.87098 0.498457 
3.83081 3.10141 1.8541 0.47318 
3.81831 3.14574 1.83722 0.447903 
3.8072 3.18782 1.82034 0.422626 
3.7974 3.22763 1.80346 0.397349 
3.78885 3.26514 1.78658 0.372072 
3.78144 3.30031 1.7697 0.346795 
3.77512 3.33312 1.75282 0.321518 
3.76878 3.36526 1.77766 0.333619 
3.76139 3.39841 1.8025 0.34572 
3.75289 3.43254 1.82734 0.357822 
3.74322 3.46762 1.85218 0.369923 
3.73233 3.50361 1.87703 0.382024 
3.72017 3.54046 1.90187 0.394126 
3.70669 3.57814 1.92671 0.406227 
3.69184 3.6166 1.95155 0.418328 
3.67558 3.65579 1.97639 0.43043 
3.65786 3.69568 2.00123 0.442531 
3.63863 3.73621 2.02607 0.454632 
3.61786 3.77733 2.05092 0.466734 
3.59551 3.81899 2.07576 0.478835 
3.57152 3.86113 2.1006 0.490936 
3.54587 3.90369 2.12544 0.503038 
3.51853 3.94663 2.15028 0.515139 
3.48945 3.98988 2.17512 0.52724 
3.4586 4.03338 2.19996 0.539342 
3.42596 4.07707 2.22481 0.551443 
3.39149 4.12089 2.24965 0.563544 
3.35683 4.16502 2.2237 0.558688 
3.32361 4.20963 2.19776 0.553831 
3.29185 4.2547 2.17182 0.548974 
3.26153 4.30017 2.14587 0.544118 
3.23242 4.34492 2.14915 0.523501 
3.2043 4.38785 2.15244 0.502884 
3.17717 4.42896 2.15572 0.482268 
3.15105 4.46827 2.159 0.461651 
3.12594 4.50578 2.16228 0.441034 
3.10187 4.54149 2.16556 0.420417 
3.07883 4.57542 2.16884 0.399801 
3.05685 4.60758 2.17213 0.379184 
3.03593 4.63796 2.17541 0.358567 
3.01609 4.66658 2.17869 0.33795 
2.99733 4.69344 2.18197 0.317334 
2.97967 4.71856 2.18525 0.296717 
2.96312 4.74193 2.18853 0.2761 
2.94769 4.76358 2.19182 0.255483 
2.9334 4.78349 2.1951 0.234866 
2.92024 4.80169 2.19838 0.21425 
2.90806 4.81836 2.20529 0.19872 
2.89669 4.8337 2.21219 0.183191 
2.88614 4.84772 2.2191 0.167661 
2.87644 4.86044 2.226 0.152132 
2.86761 4.87185 2.23291 0.136603 
2.85965 4.88199 2.23982 0.121073 
2.8526 4.89085 2.24672 0.105544 
2.84612 4.89877 2.26643 0.0989676 
2.83992 4.90605 2.28614 0.0923916 
2.83401 4.91272 2.30584 0.0858156 
2.82842 4.91879 2.32555 0.0792396 
2.82316 4.92427 2.34526 0.0726636 
2.81826 4.92918 2.36496 0.0660876 
2.81374 4.93354 2.38467 0.0595115 
2.80961 4.93736 2.40438 0.0529355 
2.80591 4.94066 2.42409 0.0463595 
2.80263 4.94346 2.44379 0.0397835 
2.79982 4.94578 2.4635 0.0332075 
2.79747 4.94764 2.48321 0.0266315 
2.79561 4.94905 2.50291 0.0200554 
2.79425 4.95003 2.52262 0.0134794 
2.79342 4.95062 2.54233 0.0069034 
2.79312 4.95082 2.56204 0.000327388 
2.79337 4.95066 2.58174 -0.00624863 
2.79492 4.9497 2.59106 -0.0302945 
2.79854 4.9475 2.60038 -0.0543404 
2.80424 4.94411 2.6097 -0.0783863 
2.81206 4.93957 2.61901 -0.102432 
2.822 4.9339 2.62833 -0.126478 
2.8341 4.92716 2.63765 -0.150524 
2.84837 4.91938 2.64697 -0.17457 
2.86484 4.9106 2.65629 -0.198616 
2.88352 4.90086 2.66561 -0.222662 
2.90443 4.89021 2.67492 -0.246708 
2.92759 4.87868 2.68424 -0.270754 
2.95203 4.8669 2.70125 -0.271971 
2.97679 4.85549 2.71826 -0.273188 
3.00185 4.84446 2.73528 -0.274406 
3.0272 4.8338 2.75229 -0.275623 
3.05285 4.82354 2.7693 -0.276841 
3.07877 4.81367 2.78631 -0.278058 
3.10498 4.8042 2.80332 -0.279275 
3.13146 4.79513 2.82033 -0.280493 
3.15821 4.78648 2.83735 -0.28171 
3.18521 4.77826 2.85436 -0.282927 
3.21247 4.77046 2.87137 -0.284145 
3.23998 4.76309 2.88838 -0.285362 
3.26847 4.75613 2.91542 -0.301207 
3.29869 4.74961 2.94245 -0.317052 
3.33062 4.74361 2.96949 -0.332896 
3.36428 4.73824 2.99652 -0.348741 
3.39964 4.73356 3.02356 -0.364586 
3.43668 4.72968 3.05059 -0.38043 
3.4754 4.72668 3.07763 -0.396275 
3.51577 4.72464 3.10466 -0.41212 
3.55776 4.72366 3.1317 -0.427965 
3.60135 4.72382 3.15873 -0.443809 
3.6465 4.72521 3.18577 -0.459654 
3.69317 4.72791 3.2128 -0.475499 
3.74134 4.732 3.23984 -0.491343 
3.79095 4.73758 3.26687 -0.507188 
3.84197 4.74471 3.29391 -0.523033 
3.89433 4.75347 3.32094 -0.538877 
3.94711 4.76226 3.29203 -0.531199 
3.99936 4.76941 3.26311 -0.523521 
4.05102 4.77496 3.23419 -0.515843 
4.10207 4.77896 3.20527 -0.508164 
4.15244 4.78144 3.17635 -0.500486 
4.20209 4.78245 3.14743 -0.492808 
4.25098 4.78203 3.11851 -0.485129 
4.29908 4.78023 3.0896 -0.477451 
4.34633 4.77709 3.06068 -0.469773 
4.39328 4.77313 3.05426 -0.472575 
4.44049 4.76884 3.04784 -0.475377 
4.48794 4.76423 3.04143 -0.478179 
4.53564 4.75928 3.03501 -0.480981 
4.58359 4.75399 3.02859 -0.483783 
4.63178 4.74837 3.02218 -0.486585 
4.68021 4.7424 3.01576 -0.489387 
4.72888 4.73608 3.00934 -0.49219 
4.77779 4.72942 3.00293 -0.494992 
4.82693 4.7224 2.99651 -0.497794 
4.8763 4.71502 2.99009 -0.500596 
4.9259 4.70729 2.98367 -0.503398 
4.97573 4.69919 2.97726 -0.5062 
5.02578 4.69072 2.97084 -0.509002 
5.07605 4.68189 2.96442 -0.511804 
5.12653 4.67268 2.95801 -0.514606 
5.17724 4.6631 2.95159 -0.517408 
5.22862 4.65301 2.94395 -0.529846 
5.28114 4.64228 2.9363 -0.542285 
5.3348 4.6309 2.92866 -0.554723 
5.38958 4.61883 2.92101 -0.567161 
5.44548 4.60607 2.91337 -0.579599 
5.50249 4.5926 2.90572 -0.592037 
5.5606 4.5784 2.89808 -0.604475 
5.61981 4.56344 2.89043 -0.616913 
5.68011 4.54773 2.88279 -0.629351 
5.74149 4.53122 2.87515 -0.641789 
5.80394 4.51392 2.8675 -0.654228 
5.86745 4.4958 2.85986 -0.666666 
5.93201 4.47685 2.85221 -0.679104 
5.99762 4.45704 2.84457 -0.691542 
6.06426 4.43636 2.83692 -0.70398 
6.13045 4.41613 2.85315 -0.680312 
6.19469 4.39763 2.86938 -0.656644 
6.25693 4.3808 2.88561 -0.632976 
6.31715 4.36556 2.90184 -0.609308 
6.3753 4.35184 2.91807 -0.58564 
6.43135 4.33957 2.9343 -0.561972 
6.48528 4.32868 2.95052 -0.538304 
6.53704 4.3191 2.96675 -0.514636 
6.58662 4.31075 2.98298 -0.490968 
6.634 4.30357 2.99921 -0.4673 
6.67913 4.29747 3.01544 -0.443632 
6.72201 4.29238 3.03167 -0.419964 
6.76261 4.28823 3.0479 -0.396296 
6.80092 4.28494 3.06412 -0.372628 
6.83691 4.28243 3.08035 -0.34896 

