1 -5 0 0 
1.00112 -4.99998 0.0298354 0.0223817 
1.00447 -4.99982 0.0596707 0.0447633 
1.01005 -4.9994 0.0895061 0.067145 
1.01784 -4.99858 0.119341 0.0895266 
1.02782 -4.99722 0.149177 0.111908 
1.03996 -4.99521 0.179012 0.13429 
1.05424 -4.9924 0.208848 0.156672 
1.0706 -4.98867 0.238683 0.179053 
1.08711 -4.98468 0.235275 0.16055 
1.10183 -4.98118 0.231867 0.142047 
1.11476 -4.97815 0.228459 0.123543 
1.12589 -4.97558 0.225051 0.10504 
1.13524 -4.97346 0.221643 0.0865369 
1.14278 -4.97177 0.218235 0.0680337 
1.14852 -4.97051 0.214827 0.0495304 
1.15245 -4.96965 0.211419 0.0310272 
1.15458 -4.9692 0.208011 0.0125239 
1.1549 -4.96913 0.204603 -0.00597936 
1.15341 -4.96944 0.201195 -0.0244826 
1.15011 -4.97011 0.197787 -0.0429859 
1.14498 -4.97112 0.194379 -0.0614891 
1.13804 -4.97248 0.190971 -0.0799924 
1.12927 -4.97416 0.187563 -0.0984957 
1.11868 -4.97615 0.184155 -0.116999 
1.10627 -4.97844 0.180747 -0.135502 
1.09203 -4.98102 0.177339 -0.154005 
1.07779 -4.98362 0.185514 -0.135359 
1.06542 -4.986 0.193689 -0.116712 
1.05489 -4.98811 0.201865 -0.0980658 
1.0462 -4.98992 0.21004 -0.0794193 
1.03935 -4.99141 0.218215 -0.0607727 
1.03433 -4.99254 0.22639 -0.0421262 
1.03114 -4.99329 0.234566 -0.0234797 
1.02976 -4.99362 0.242741 -0.00483312 
1.0302 -4.99351 0.250916 0.0138134 
1.03244 -4.99293 0.259091 0.03246 
1.03647 -4.99184 0.267267 0.0511065 
1.04229 -4.99022 0.275442 0.069753 
1.04989 -4.98804 0.283617 0.0883996 
1.05926 -4.98526 0.291793 0.107046 
1.07039 -4.98187 0.299968 0.125693 
1.08327 -4.97782 0.308143 0.144339 
1.0979 -4.9731 0.316318 0.162986 
1.11425 -4.96767 0.324494 0.181632 
1.13232 -4.96151 0.332669 0.200279 
1.15233 -4.95436 0.3534 0.224644 
1.17446 -4.94593 0.374132 0.24901 
1.19867 -4.93613 0.394863 0.273376 
1.22491 -4.92487 0.415595 0.297741 
1.25313 -4.91206 0.436326 0.322107 
1.28328 -4.89762 0.457057 0.346473 
1.3153 -4.88145 0.477789 0.370838 
1.34912 -4.86348 0.49852 0.395204 
1.3847 -4.84363 0.519252 0.419569 
1.42195 -4.82182 0.539983 0.443935 
1.46083 -4.79796 0.560714 0.468301 
1.50125 -4.77198 0.581446 0.492666 
1.54314 -4.74382 0.602177 0.517032 
1.58644 -4.71339 0.622909 0.541398 
1.63106 -4.68062 0.64364 0.565763 
1.67693 -4.64546 0.664371 0.590129 
1.72356 -4.60786 0.692583 0.608 
1.77048 -4.5678 0.720794 0.625871 
1.81757 -4.52523 0.749005 0.643743 
1.86473 -4.48012 0.777217 0.661614 
1.91186 -4.43243 0.805428 0.679485 
1.95885 -4.38211 0.833639 0.697357 
2.00557 -4.32915 0.86185 0.715228 
2.05193 -4.27353 0.890062 0.733099 
2.09949 -4.21604 0.869377 0.759097 
2.14992 -4.15758 0.848692 0.785095 
2.20329 -4.09824 0.828007 0.811092 
2.25966 -4.03812 0.807322 0.83709 
2.31907 -3.97733 0.786637 0.863087 
2.38158 -3.91595 0.765952 0.889085 
2.44724 -3.85409 0.745267 0.915082 
2.5161 -3.79187 0.724582 0.94108 
2.58819 -3.72938 0.703897 0.967077 
2.66356 -3.66673 0.683212 0.993075 
2.73924 -3.60449 0.693144 0.966679 
2.81229 -3.54321 0.703075 0.940283 
2.88271 -3.48292 0.713007 0.913887 
2.95055 -3.42367 0.722939 0.887491 
3.01582 -3.3655 0.73287 0.861095 
3.07856 -3.30847 0.742802 0.834699 
3.1388 -3.25261 0.752734 0.808303 
3.19655 -3.19796 0.762665 0.781906 
3.25187 -3.14458 0.772597 0.75551 
3.30477 -3.09251 0.782528 0.729114 
3.35529 -3.04178 0.79246 0.702718 
3.40346 -2.99244 0.802392 0.676322 
3.44931 -2.94454 0.812323 0.649926 
3.49287 -2.8981 0.822255 0.62353 
3.53419 -2.85318 0.832187 0.597134 
3.57329 -2.80981 0.842118 0.570738 
3.61021 -2.76803 0.85205 0.544342 
3.64511 -2.72707 0.878476 0.532042 
3.67814 -2.68615 0.904902 0.519742 
3.70933 -2.64535 0.931329 0.507443 
3.73872 -2.60473 0.957755 0.495143 
3.76632 -2.56437 0.984181 0.482843 
3.79218 -2.52433 1.01061 0.470544 
3.81634 -2.48467 1.03703 0.458244 
3.83883 -2.44545 1.06346 0.445944 
3.85969 -2.40674 1.08989 0.433644 
3.87987 -2.3694 1.06028 0.415276 
3.90023 -2.33426 1.03068 0.396907 
3.92065 -2.30131 1.00108 0.378538 
3.94103 -2.2705 0.971475 0.36017 
3.96125 -2.24182 0.941872 0.341801 
3.98121 -2.21521 0.912269 0.323433 
4.00159 -2.18965 0.883079 0.330415 
4.02316 -2.16416 0.85389 0.337398 
4.04593 -2.1388 0.8247 0.344381 
4.06992 -2.1136 0.79551 0.351364 
4.09512 -2.08862 0.766321 0.358347 
4.12155 -2.06392 0.737131 0.36533 
4.14922 -2.03953 0.707942 0.372313 
4.17812 -2.01551 0.678752 0.379296 
4.20827 -1.99192 0.649562 0.386279 
4.23965 -1.9688 0.620373 0.393262 
4.27226 -1.94621 0.591183 0.400245 
4.30611 -1.9242 0.561994 0.407228 
4.34118 -1.90283 0.532804 0.414211 
4.37746 -1.88214 0.503614 0.421194 
4.41495 -1.86219 0.474425 0.428177 
4.45364 -1.84304 0.445235 0.43516 
4.4935 -1.82473 0.416046 0.442143 
4.53452 -1.80732 0.386856 0.449126 
4.57668 -1.79086 0.357666 0.456109 
4.61996 -1.7754 0.328477 0.463092 
4.66253 -1.76115 0.317234 0.434874 
4.70258 -1.74825 0.305991 0.406656 
4.74008 -1.73663 0.294748 0.378437 
4.775 -1.72624 0.283506 0.350219 
4.80732 -1.71702 0.272263 0.322001 
4.83702 -1.70891 0.26102 0.293783 
4.86408 -1.70184 0.249777 0.265565 
4.88848 -1.69576 0.238534 0.237347 
4.9102 -1.6906 0.227292 0.209129 
4.92922 -1.68631 0.216049 0.180911 
4.94554 -1.68282 0.204806 0.152693 
4.95912 -1.68008 0.193563 0.124475 
4.96996 -1.67801 0.182321 0.096257 
4.97805 -1.67657 0.171078 0.068039 
4.98337 -1.67568 0.159835 0.0398209 
4.98591 -1.67528 0.148592 0.0116029 
4.98566 -1.67531 0.137349 -0.0166152 
4.98261 -1.67571 0.126107 -0.0448332 
4.97676 -1.67642 0.114864 -0.0730513 
4.9681 -1.67737 0.103621 -0.101269 
4.95801 -1.67833 0.0863084 -0.101279 
4.94792 -1.67911 0.0689957 -0.10129 
4.93781 -1.67972 0.0516831 -0.1013 
4.92768 -1.68016 0.0343704 -0.10131 
4.91756 -1.68042 0.0170577 -0.10132 
4.90742 -1.68051 -0.000254911 -0.10133 
4.89729 -1.68041 -0.0175676 -0.10134 
4.88716 -1.68015 -0.0348802 -0.10135 
4.87703 -1.67971 -0.0521929 -0.10136 
4.86692 -1.67909 -0.0695056 -0.10137 
4.85681 -1.6783 -0.0868182 -0.10138 
4.84672 -1.67733 -0.104131 -0.101391 
4.83664 -1.67619 -0.121444 -0.101401 
4.82659 -1.67488 -0.138756 -0.101411 
4.81656 -1.67339 -0.156069 -0.101421 
4.80655 -1.67172 -0.173382 -0.101431 
4.79731 -1.67006 -0.182437 -0.0864358 
4.78955 -1.6686 -0.191493 -0.0714406 
4.78328 -1.66735 -0.200549 -0.0564453 
4.77849 -1.66636 -0.209605 -0.0414501 
4.77517 -1.66564 -0.218661 -0.0264549 
4.77332 -1.66522 -0.227717 -0.0114596 
4.77293 -1.66513 -0.236773 0.00353558 
4.774 -1.66539 -0.245829 0.0185308 
4.77653 -1.66604 -0.254885 0.033526 
4.7796 -1.66689 -0.283212 0.0303068 
4.78235 -1.66773 -0.31154 0.0270875 
4.78476 -1.66854 -0.339867 0.0238682 
4.78685 -1.66931 -0.368195 0.0206489 
4.78862 -1.67002 -0.396522 0.0174296 
4.79007 -1.67065 -0.42485 0.0142104 
4.79121 -1.67119 -0.453177 0.0109911 
4.79204 -1.67161 -0.481505 0.00777182 
4.79259 -1.6719 -0.509832 0.00455254 
4.79284 -1.67205 -0.538159 0.00133326 
4.79282 -1.67203 -0.566487 -0.00188602 
4.79253 -1.67184 -0.594814 -0.00510529 
4.79198 -1.67146 -0.623142 -0.00832457 
4.79118 -1.67086 -0.651469 -0.0115439 
4.79014 -1.67005 -0.679797 -0.0147631 
4.78906 -1.66917 -0.68967 -0.0131906 
4.78811 -1.66837 -0.699543 -0.0116181 
4.78728 -1.66767 -0.709417 -0.0100456 
4.78658 -1.66707 -0.71929 -0.00847305 
4.78601 -1.66656 -0.729164 -0.00690053 
4.78555 -1.66615 -0.739037 -0.00532801 
4.78522 -1.66584 -0.74891 -0.00375549 
4.785 -1.66564 -0.758784 -0.00218297 
4.7849 -1.66554 -0.768657 -0.000610451 
4.78491 -1.66555 -0.77853 0.000962069 
4.78504 -1.66568 -0.788404 0.00253459 
4.78527 -1.66591 -0.798277 0.00410711 
4.78561 -1.66626 -0.808151 0.00567963 
4.78606 -1.66673 -0.818024 0.00725215 
4.7866 -1.66732 -0.827897 0.00882467 
4.78725 -1.66803 -0.837771 0.0103972 
4.78741 -1.66821 -0.849464 -0.00571039 
4.7865 -1.66717 -0.861158 -0.021818 
4.78457 -1.66489 -0.872852 -0.0379255 
4.78164 -1.66135 -0.884545 -0.0540331 
4.77773 -1.65652 -0.896239 -0.0701407 
4.77289 -1.65039 -0.907933 -0.0862483 
4.76713 -1.64292 -0.919626 -0.102356 
4.76049 -1.6341 -0.93132 -0.118463 
4.753 -1.6239 -0.943013 -0.134571 
4.74469 -1.61231 -0.954707 -0.150679 
4.7356 -1.5993 -0.966401 -0.166786 
4.72575 -1.58485 -0.978094 -0.182894 
4.71518 -1.56895 -0.989788 -0.199001 
4.70391 -1.55158 -1.00148 -0.215109 
4.692 -1.53271 -1.01318 -0.231216 
4.67945 -1.51233 -1.02487 -0.247324 
4.66632 -1.49043 -1.03656 -0.263432 
4.65264 -1.46698 -1.04826 -0.279539 
4.63845 -1.44195 -1.06211 -0.295978 
4.62382 -1.41528 -1.07596 -0.312416 
4.60879 -1.38695 -1.08982 -0.328855 
4.59341 -1.35696 -1.10367 -0.345293 
4.57784 -1.32692 -1.08165 -0.331391 
4.56229 -1.29845 -1.05963 -0.317488 
4.5468 -1.27154 -1.0376 -0.303585 
4.53078 -1.24466 -1.02903 -0.322222 
4.51356 -1.21633 -1.02046 -0.340859 
4.49512 -1.18656 -1.01188 -0.359496 
4.47543 -1.15537 -1.00331 -0.378133 
4.45446 -1.12279 -0.994734 -0.39677 
4.43219 -1.08883 -0.98616 -0.415407 
4.4086 -1.05352 -0.977586 -0.434044 
4.38366 -1.01686 -0.969012 -0.452681 
4.35734 -0.978893 -0.960438 -0.471318 
4.32962 -0.939627 -0.951864 -0.489955 
4.30048 -0.899087 -0.94329 -0.508592 
4.27089 -0.858109 -0.947486 -0.502309 
4.24183 -0.817518 -0.951681 -0.496025 
4.21332 -0.777318 -0.955877 -0.489742 
4.18533 -0.737513 -0.960072 -0.483458 
4.15787 -0.698106 -0.964268 -0.477175 
4.13093 -0.659102 -0.968464 -0.470892 
4.10451 -0.620503 -0.972659 -0.464608 
4.0786 -0.582314 -0.976855 -0.458325 
4.05321 -0.544538 -0.981051 -0.452042 
4.02832 -0.507178 -0.985246 -0.445758 
4.00393 -0.470239 -0.989442 -0.439475 
3.98005 -0.433724 -0.993638 -0.433191 
3.95666 -0.397636 -0.997833 -0.426908 
3.9334 -0.361816 -0.991889 -0.427299 
3.9099 -0.326101 -0.985944 -0.427691 
3.88618 -0.290495 -0.979999 -0.428082 
3.86221 -0.254998 -0.974054 -0.428473 
3.83802 -0.219611 -0.968109 -0.428865 
3.81436 -0.184711 -0.981916 -0.414453 
3.79197 -0.150692 -0.995723 -0.400041 
3.77083 -0.117582 -1.00953 -0.385629 
3.75091 -0.085408 -1.02334 -0.371217 
3.73218 -0.0541979 -1.03714 -0.356805 
3.7146 -0.023978 -1.05095 -0.342393 
3.69815 0.00522593 -1.06476 -0.327981 
3.68279 0.0333889 -1.07856 -0.313569 
3.6685 0.0604864 -1.09237 -0.299157 
3.65524 0.0864948 -1.10618 -0.284746 
3.64297 0.111391 -1.11999 -0.270334 
3.63167 0.135153 -1.13379 -0.255922 
3.62165 0.157167 -1.15392 -0.227829 
3.61319 0.176798 -1.17405 -0.199736 
3.60618 0.193994 -1.19417 -0.171643 
3.60053 0.208705 -1.2143 -0.14355 
3.59612 0.220884 -1.23443 -0.115457 
3.59287 0.230488 -1.25456 -0.0873644 
3.59006 0.239334 -1.27206 -0.0982581 
3.5871 0.249272 -1.28957 -0.109152 
3.58402 0.260309 -1.30708 -0.120046 
3.58085 0.272453 -1.32459 -0.130939 
3.57765 0.285709 -1.3421 -0.141833 
3.57443 0.300083 -1.35961 -0.152727 
3.57126 0.315577 -1.37711 -0.16362 
3.56815 0.332196 -1.39462 -0.174514 
3.56515 0.34994 -1.41213 -0.185408 
3.5623 0.368812 -1.42964 -0.196302 
3.5598 0.387583 -1.44685 -0.182453 
3.55777 0.405019 -1.46405 -0.168605 
3.55619 0.421109 -1.48126 -0.154757 
3.55499 0.435843 -1.49846 -0.140909 
3.55414 0.449214 -1.51567 -0.127061 
3.55358 0.461215 -1.53287 -0.113212 
3.55326 0.471839 -1.55008 -0.0993643 
3.55315 0.481082 -1.56728 -0.0855161 
3.55319 0.488941 -1.58449 -0.0716679 
3.55333 0.495414 -1.60169 -0.0578197 
3.55353 0.500499 -1.6189 -0.0439715 
3.55368 0.504826 -1.59305 -0.0426186 
3.55372 0.50902 -1.5672 -0.0412656 
3.55365 0.513078 -1.54135 -0.0399127 
3.55349 0.516998 -1.51549 -0.0385598 
3.55323 0.520777 -1.48964 -0.0372068 
3.55289 0.524414 -1.46379 -0.0358539 
3.55247 0.527907 -1.43794 -0.034501 
3.55197 0.531253 -1.41209 -0.0331481 
3.55142 0.534453 -1.38624 -0.0317951 
3.55081 0.537504 -1.36038 -0.0304422 
3.55015 0.540407 -1.33453 -0.0290893 
3.54945 0.54316 -1.30868 -0.0277363 
3.54872 0.545764 -1.28283 -0.0263834 
3.54767 0.54937 -1.29434 -0.0486802 
3.54607 0.555135 -1.30584 -0.070977 
3.54397 0.563074 -1.31735 -0.0932737 
3.54141 0.573198 -1.32886 -0.11557 
3.53845 0.585518 -1.34036 -0.137867 
3.53513 0.600046 -1.35187 -0.160164 
3.53151 0.61679 -1.36338 -0.182461 
3.52763 0.635758 -1.37488 -0.204758 
3.52356 0.65696 -1.38639 -0.227054 
3.51932 0.680402 -1.3979 -0.249351 
3.51499 0.706089 -1.4094 -0.271648 
3.51061 0.734027 -1.42091 -0.293945 
3.50623 0.76422 -1.43242 -0.316241 
3.5019 0.796671 -1.44392 -0.338538 
3.49768 0.831384 -1.45543 -0.360835 
3.49361 0.868359 -1.46694 -0.383132 
3.48975 0.907597 -1.47844 -0.405429 
3.48615 0.949099 -1.48995 -0.427725 
3.48286 0.992863 -1.50146 -0.450022 
3.47994 1.03889 -1.51296 -0.472319 
3.47672 1.0852 -1.48998 -0.456158 
3.4726 1.12981 -1.46699 -0.439996 
3.46763 1.17272 -1.44401 -0.423835 
3.4619 1.2139 -1.42102 -0.407674 
3.45549 1.25334 -1.39804 -0.391513 
3.44847 1.29103 -1.37505 -0.375351 
3.44091 1.32697 -1.35206 -0.35919 
3.4329 1.36116 -1.32908 -0.343029 
3.42452 1.39358 -1.30609 -0.326868 
3.41583 1.42425 -1.28311 -0.310706 
3.40691 1.45317 -1.26012 -0.294545 
3.39784 1.48035 -1.23714 -0.278384 
3.3887 1.50578 -1.21415 -0.262223 
3.37956 1.52949 -1.19116 -0.246061 
3.37049 1.5515 -1.16818 -0.2299 
3.36157 1.5718 -1.14519 -0.213739 
3.35313 1.59076 -1.15883 -0.201347 
3.34543 1.6087 -1.17246 -0.188955 
3.33846 1.62559 -1.18609 -0.176563 
3.33217 1.64142 -1.19972 -0.164171 
3.32654 1.65618 -1.21336 -0.151779 
3.32154 1.66986 -1.22699 -0.139388 
3.31713 1.68243 -1.24062 -0.126996 
3.31329 1.69388 -1.25425 -0.114604 
3.30999 1.7042 -1.26789 -0.102212 
3.30719 1.71339 -1.28152 -0.0898202 
3.30485 1.72142 -1.29515 -0.0774283 
3.30296 1.72828 -1.30878 -0.0650365 
3.30147 1.73398 -1.32242 -0.0526446 
3.30036 1.73849 -1.33605 -0.0402528 
3.29959 1.7418 -1.34968 -0.0278609 
3.29913 1.74392 -1.36331 -0.0154691 
3.29894 1.74483 -1.37695 -0.0030772 
3.29866 1.7464 -1.39904 -0.0289332 
3.29799 1.75054 -1.42112 -0.0547892 
3.29706 1.75724 -1.44321 -0.0806452 
3.29598 1.76654 -1.4653 -0.106501 
3.29485 1.77843 -1.48739 -0.132357 
3.29381 1.79292 -1.50948 -0.158213 
3.29295 1.81001 -1.53157 -0.184069 
3.2924 1.8297 -1.55366 -0.209925 
3.29227 1.85199 -1.57575 -0.235781 
3.29267 1.87686 -1.59784 -0.261637 
3.29373 1.90429 -1.61993 -0.287493 
3.29554 1.93428 -1.64202 -0.313349 
3.29822 1.96679 -1.66411 -0.339205 
3.30113 1.9994 -1.65499 -0.315476 
3.30354 2.02966 -1.64586 -0.291747 
3.30552 2.05758 -1.63674 -0.268018 
3.30709 2.08315 -1.62761 -0.244289 
3.3083 2.10636 -1.61849 -0.22056 
3.30921 2.12721 -1.60937 -0.196831 
3.30984 2.1457 -1.60024 -0.173101 
3.31024 2.16181 -1.59112 -0.149372 
3.31046 2.17556 -1.582 -0.125643 
3.31078 2.18828 -1.60971 -0.128806 
3.31147 2.2013 -1.63743 -0.131968 
3.31254 2.21461 -1.66514 -0.13513 
3.31402 2.2282 -1.69285 -0.138293 
3.31591 2.24206 -1.72057 -0.141455 
3.31824 2.25617 -1.74828 -0.144618 
3.32103 2.27053 -1.776 -0.14778 
3.32427 2.2851 -1.80371 -0.150943 
3.328 2.29989 -1.83143 -0.154105 
3.33222 2.31488 -1.85914 -0.157267 
3.33695 2.33004 -1.88686 -0.16043 
3.3422 2.34537 -1.91457 -0.163592 
3.34798 2.36084 -1.94228 -0.166755 
3.3541 2.37601 -1.96694 -0.160378 
3.36034 2.39043 -1.99159 -0.154002 
3.36667 2.40412 -2.01624 -0.147625 
3.37305 2.41708 -2.04089 -0.141249 
3.37946 2.42931 -2.06554 -0.134872 
3.38585 2.44082 -2.09019 -0.128496 
3.3922 2.45162 -2.11484 -0.12212 
3.39848 2.46172 -2.13949 -0.115743 
3.40466 2.47113 -2.16415 -0.109367 
3.4107 2.47986 -2.1888 -0.10299 
3.41677 2.48845 -2.18218 -0.107297 
3.42302 2.49743 -2.17556 -0.111604 
3.42946 2.50681 -2.16894 -0.115912 
3.43607 2.51659 -2.16232 -0.120219 
3.44286 2.52677 -2.1557 -0.124526 
3.44982 2.53736 -2.14908 -0.128833 
3.45694 2.54835 -2.14246 -0.13314 
3.46423 2.55975 -2.13583 -0.137447 
3.47166 2.57157 -2.12921 -0.141754 
3.47925 2.5838 -2.12259 -0.146061 
3.48697 2.59645 -2.11597 -0.150368 
3.49484 2.60951 -2.10935 -0.154675 
3.50284 2.623 -2.10273 -0.158982 
3.51078 2.63658 -2.09797 -0.15562 
3.5185 2.6499 -2.09321 -0.152257 
3.52598 2.66297 -2.08845 -0.148894 
3.53323 2.67578 -2.08369 -0.145532 
3.54026 2.68833 -2.07893 -0.142169 
3.54707 2.70062 -2.07417 -0.138806 
3.55366 2.71265 -2.06941 -0.135444 
3.56002 2.72441 -2.06465 -0.132081 
3.56618 2.73591 -2.05989 -0.128718 
3.5727 2.74826 -2.05308 -0.150569 
3.58014 2.76259 -2.04626 -0.17242 
3.58847 2.77892 -2.03945 -0.194272 
3.59768 2.79726 -2.03264 -0.216123 
3.60772 2.81762 -2.02582 -0.237974 
3.61859 2.84001 -2.01901 -0.259825 
3.63023 2.86445 -2.01219 -0.281676 
3.64264 2.89095 -2.00538 -0.303527 
3.65578 2.91952 -1.99857 -0.325378 
3.66963 2.95017 -1.99175 -0.347229 
3.68304 2.98112 -1.96726 -0.327364 
3.69494 3.01054 -1.94276 -0.307499 
3.70542 3.03839 -1.91826 -0.287635 
3.71579 3.06658 -1.92844 -0.313045 
3.72735 3.09704 -1.93861 -0.338455 
3.74015 3.12974 -1.94879 -0.363866 
3.75422 3.16466 -1.95896 -0.389276 
3.76963 3.20179 -1.96914 -0.414686 
3.78641 3.2411 -1.97931 -0.440097 
3.80461 3.28256 -1.98949 -0.465507 
3.82428 3.32615 -1.99967 -0.490917 
3.84545 3.37184 -2.00984 -0.516327 
3.86819 3.41961 -2.02002 -0.541738 
3.89252 3.46943 -2.03019 -0.567148 
3.91869 3.52055 -2.05755 -0.581379 
3.94693 3.57218 -2.0849 -0.59561 
3.97728 3.62425 -2.11225 -0.609841 
4.0098 3.67667 -2.1396 -0.624072 
4.04452 3.72938 -2.16695 -0.638303 
4.08149 3.78228 -2.19431 -0.652533 
4.12074 3.8353 -2.22166 -0.666764 
4.16182 3.88762 -2.25146 -0.663666 
4.20425 3.93844 -2.28126 -0.660568 
4.24606 3.98783 -2.26538 -0.633535 
4.28537 4.03577 -2.2495 -0.606502 
4.32223 4.08222 -2.23361 -0.57947 
4.3567 4.12711 -2.21773 -0.552437 
4.38884 4.17036 -2.20185 -0.525404 
4.41872 4.21193 -2.18596 -0.498371 
4.44639 4.25175 -2.17008 -0.471338 
4.47191 4.28975 -2.1542 -0.444305 
4.49536 4.32589 -2.13831 -0.417273 
4.51679 4.36011 -2.12243 -0.39024 
4.53629 4.39234 -2.10655 -0.363207 
4.5539 4.42255 -2.09066 -0.336174 
4.56971 4.45068 -2.07478 -0.309141 
4.58378 4.47668 -2.0589 -0.282109 
4.59619 4.5005 -2.04302 -0.255076 
4.60719 4.52275 -2.01623 -0.241463 
4.61702 4.54406 -1.98944 -0.22785 
4.62574 4.56437 -1.96266 -0.214238 
4.6334 4.58365 -1.93587 -0.200625 
4.64008 4.60184 -1.90909 -0.187013 
4.64584 4.61892 -1.8823 -0.1734 
4.65073 4.63484 -1.85552 -0.159787 
4.65484 4.64958 -1.82873 -0.146175 
4.65821 4.6631 -1.80195 -0.132562 
4.66093 4.67538 -1.77516 -0.118949 
4.66306 4.68639 -1.74838 -0.105337 
4.66468 4.69611 -1.72159 -0.0917242 
4.66584 4.70452 -1.69481 -0.0781116 
4.66663 4.7116 -1.66802 -0.064499 
4.66729 4.71887 -1.65452 -0.0814935 
4.66798 4.72784 -1.64101 -0.098488 
4.66866 4.73852 -1.6275 -0.115482 
4.66928 4.7509 -1.614 -0.132477 
4.66979 4.76499 -1.60049 -0.149471 
4.67015 4.78079 -1.58699 -0.166466 
4.67031 4.79828 -1.57348 -0.18346 
4.67023 4.81748 -1.55998 -0.200455 
4.66986 4.83837 -1.54647 -0.217449 
4.66915 4.85889 -1.52494 -0.193151 
4.66813 4.87696 -1.5034 -0.168853 
4.66691 4.89258 -1.48186 -0.144555 
4.66559 4.90575 -1.46033 -0.120257 
4.66429 4.91649 -1.43879 -0.0959589 
4.6631 4.92478 -1.41726 -0.0716608 
4.66213 4.93065 -1.39572 -0.0473627 
4.66149 4.93411 -1.37418 -0.0230646 
4.66127 4.93518 -1.35265 0.00123354 
4.66157 4.93388 -1.33111 0.0255316 
4.66251 4.93023 -1.30957 0.0498298 
4.66418 4.92426 -1.28804 0.0741279 
4.66668 4.91601 -1.2665 0.098426 
4.67011 4.90549 -1.24497 0.122724 
4.67457 4.89277 -1.22343 0.147022 
4.68015 4.87786 -1.20189 0.17132 
4.68696 4.86082 -1.18036 0.195618 
4.69447 4.8425 -1.18315 0.200331 
4.7021 4.82373 -1.18595 0.205043 
4.70986 4.80449 -1.18874 0.209756 
4.71774 4.7848 -1.19154 0.214468 
4.72574 4.76465 -1.19434 0.219181 
4.73386 4.74403 -1.19713 0.223894 
4.74209 4.72296 -1.19993 0.228606 
4.75043 4.70142 -1.20272 0.233319 
4.75885 4.68028 -1.18033 0.221838 
4.7673 4.66039 -1.15793 0.210357 
4.77571 4.64174 -1.13554 0.198876 
4.78405 4.62432 -1.11314 0.187395 
4.79226 4.60811 -1.09075 0.175914 
4.80028 4.59311 -1.06836 0.164433 
4.80808 4.57929 -1.04596 0.152952 
4.81559 4.56663 -1.02357 0.141471 
4.82278 4.55512 -1.00117 0.12999 
4.8296 4.54473 -0.978777 0.118509 
4.83599 4.53544 -0.956383 0.107028 
4.84192 4.52723 -0.933988 0.0955468 
4.84734 4.52007 -0.911594 0.0840658 
4.85258 4.51351 -0.883493 0.0838286 
4.85798 4.50711 -0.855392 0.0835913 
4.86354 4.50089 -0.827292 0.0833541 
4.86926 4.49484 -0.799191 0.0831168 
4.87513 4.48897 -0.771091 0.0828796 
4.88115 4.48329 -0.74299 0.0826424 
4.8873 4.47779 -0.71489 0.0824051 
4.89359 4.47249 -0.686789 0.0821679 
4.90001 4.46737 -0.658688 0.0819306 
4.90655 4.46246 -0.630588 0.0816934 
4.91225 4.45833 -0.622768 0.0591835 
4.91615 4.45554 -0.614948 0.0366737 
4.91824 4.45408 -0.607128 0.0141638 
4.91847 4.45392 -0.599308 -0.008346 
4.91685 4.45502 -0.591488 -0.0308559 
4.91334 4.45735 -0.583669 -0.0533657 
4.90794 4.46089 -0.575849 -0.0758756 
4.90061 4.4656 -0.568029 -0.0983854 
4.89134 4.47146 -0.560209 -0.120895 
4.88012 4.47844 -0.552389 -0.143405 
4.86692 4.4865 -0.544569 -0.165915 
4.85173 4.49562 -0.536749 -0.188425 
4.83612 4.50473 -0.518969 -0.17308 
4.82168 4.51281 -0.501189 -0.157735 
4.80846 4.5199 -0.483409 -0.14239 
4.79648 4.52606 -0.465628 -0.127045 
4.78577 4.53132 -0.447848 -0.1117 
4.77635 4.53575 -0.430068 -0.0963554 
4.76826 4.53937 -0.412288 -0.0810105 
4.76152 4.54226 -0.394507 -0.0656656 
4.75614 4.54444 -0.376727 -0.0503207 
4.75216 4.54597 -0.358947 -0.0349758 
4.7496 4.54691 -0.341167 -0.0196308 
4.74847 4.54731 -0.323386 -0.00428594 
4.74879 4.5472 -0.305606 0.011059 
4.75059 4.54666 -0.287826 0.0264039 
4.75386 4.54572 -0.270045 0.0417488 
4.75864 4.54445 -0.252265 0.0570937 
4.76492 4.54289 -0.234485 0.0724386 
4.77081 4.54153 -0.217052 0.048484 
4.77439 4.54077 -0.19962 0.0245293 
4.77562 4.54053 -0.182187 0.00057473 
4.77449 4.54073 -0.164754 -0.0233799 
4.77254 4.54103 -0.14585 -0.0162496 
4.77128 4.54121 -0.126946 -0.00911938 
4.77073 4.54127 -0.108041 -0.00198912 
4.77089 4.54126 -0.0891371 0.00514113 
4.77175 4.54119 -0.0702328 0.0122714 
4.77333 4.5411 -0.0513286 0.0194016 
4.77563 4.541 -0.0324243 0.0265319 
4.77864 4.54093 -0.01352 0.0336621 
4.78236 4.54092 0.00538425 0.0407924 
4.7868 4.54099 0.0242885 0.0479227 
4.79194 4.54116 0.0431928 0.0550529 
4.79792 4.54149 0.066913 0.0647595 
4.80486 4.54204 0.0906331 0.0744661 
4.81275 4.54285 0.114353 0.0841727 
4.82158 4.54398 0.138073 0.0938793 
4.83135 4.54545 0.161794 0.103586 
4.84203 4.54733 0.185514 0.113292 
4.85361 4.54965 0.209234 0.122999 
4.86608 4.55245 0.232954 0.132706 
4.87943 4.55579 0.256674 0.142412 
4.89363 4.5597 0.280394 0.152119 
4.90866 4.56422 0.304115 0.161825 
4.9245 4.5694 0.327835 0.171532 
4.94113 4.57528 0.351555 0.181239 
4.95852 4.5819 0.375275 0.190945 
4.97665 4.58929 0.398995 0.200652 
4.99549 4.5975 0.422715 0.210358 
5.01501 4.60656 0.446435 0.220065 
5.035 4.61587 0.425299 0.220956 
5.05526 4.6248 0.404163 0.221846 
5.07579 4.63332 0.383026 0.222736 
5.09658 4.64144 0.36189 0.223627 
5.11762 4.64915 0.340754 0.224517 
5.1389 4.65645 0.319618 0.225408 
5.16041 4.66331 0.298481 0.226298 
5.18215 4.66975 0.277345 0.227189 
5.20411 4.67575 0.256209 0.228079 
5.22628 4.68131 0.235072 0.22897 
5.24864 4.68642 0.213936 0.22986 
5.27008 4.69136 0.239504 0.210069 
5.28946 4.69635 0.265073 0.190277 
5.30681 4.70129 0.290641 0.170485 
5.32213 4.70609 0.316209 0.150694 
5.33546 4.71063 0.341778 0.130902 
5.34743 4.71473 0.316869 0.122111 
5.35866 4.71826 0.291959 0.113321 
5.36913 4.72126 0.26705 0.10453 
5.37882 4.72379 0.242141 0.0957398 
5.38771 4.72587 0.217232 0.0869494 
5.39579 4.72755 0.192323 0.0781589 
5.40305 4.72887 0.167413 0.0693684 
5.40947 4.72987 0.142504 0.0605779 
5.41504 4.7306 0.117595 0.0517874 
5.41975 4.7311 0.0926858 0.0429969 
5.4236 4.73141 0.0677766 0.0342064 
5.42658 4.73158 0.0428674 0.0254159 
5.42868 4.73165 0.0179582 0.0166254 
5.4299 4.73166 -0.00695098 0.0078349 
5.43024 4.73165 -0.0318602 -0.000955599 
5.43151 4.73162 -0.0244012 0.0262944 
5.4355 4.73154 -0.0169423 0.0535444 
5.44222 4.73145 -0.00948336 0.0807944 
5.45166 4.7314 -0.00202442 0.108044 
5.46383 4.73142 0.00543452 0.135294 
5.47872 4.73156 0.0128935 0.162544 
5.49633 4.73185 0.0203524 0.189794 
5.51667 4.73234 0.0278113 0.217044 
5.53972 4.73307 0.0352703 0.244294 
5.5655 4.73408 0.0427292 0.271544 
5.59398 4.73541 0.0501882 0.298795 
5.62518 4.73709 0.0576471 0.326045 
5.65908 4.73918 0.065106 0.353295 
5.69467 4.74105 0.0402507 0.359501 
5.73092 4.74206 0.0153954 0.365708 
5.7678 4.74217 -0.00945998 0.371915 
5.80529 4.74134 -0.0343153 0.378122 
5.84337 4.73956 -0.0591707 0.384329 
5.88201 4.73679 -0.084026 0.390536 
5.92119 4.733 -0.108881 0.396743 
5.96088 4.72816 -0.133737 0.40295 
6.00105 4.72224 -0.158592 0.409157 
6.0415 4.7158 -0.157105 0.409932 
6.08203 4.70942 -0.155618 0.410707 
6.12265 4.70307 -0.154131 0.411482 
6.16335 4.69678 -0.152643 0.412258 
6.20414 4.69054 -0.151156 0.413033 
6.24501 4.68434 -0.149669 0.413808 
6.28597 4.6782 -0.148182 0.414583 
6.32702 4.6721 -0.146695 0.415358 
6.36815 4.66605 -0.145207 0.416133 
6.40937 4.66006 -0.14372 0.416909 
6.44955 4.6541 -0.151003 0.395431 
6.48756 4.64817 -0.158285 0.373953 
6.52341 4.64232 -0.165567 0.352474 
6.55709 4.63656 -0.172849 0.330996 
6.58862 4.63094 -0.180132 0.309518 
6.61799 4.62548 -0.187414 0.28804 
6.64522 4.62022 -0.194696 0.266562 
6.6703 4.61518 -0.201979 0.245084 
6.69324 4.6104 -0.209261 0.223606 
6.71405 4.6059 -0.216543 0.202128 
6.73273 4.60172 -0.223825 0.18065 
6.74928 4.59789 -0.231108 0.159172 
6.76372 4.59444 -0.23839 0.137694 
6.77712 4.59103 -0.25953 0.138995 
6.79058 4.5873 -0.280671 0.140295 
6.80408 4.58326 -0.301811 0.141596 
6.81762 4.57888 -0.322952 0.142897 
6.83118 4.57418 -0.344092 0.144198 
6.84476 4.56915 -0.365233 0.145499 
6.85836 4.56379 -0.386373 0.146799 
6.87196 4.55809 -0.407514 0.1481 
6.88555 4.55205 -0.428654 0.149401 
6.89913 4.54567 -0.449795 0.150702 
6.91269 4.53895 -0.470935 0.152003 
6.92622 4.53188 -0.492076 0.153304 
6.93971 4.52446 -0.513216 0.154604 
6.95315 4.51669 -0.534356 0.155905 
6.96654 4.50858 -0.555497 0.157206 
6.97986 4.50011 -0.576637 0.158507 
6.99311 4.49129 -0.597778 0.159808 
7.00628 4.48212 -0.618918 0.161108 
7.02033 4.47183 -0.644717 0.187223 
7.03618 4.45959 -0.670515 0.213338 
7.05373 4.44529 -0.696314 0.239452 
7.07289 4.42884 -0.722113 0.265567 
7.09312 4.4113 -0.706858 0.26995 
7.11394 4.39378 -0.691604 0.274334 
7.13538 4.37631 -0.67635 0.278717 
7.15742 4.35889 -0.661096 0.283101 
7.18007 4.34155 -0.645841 0.287484 
7.20333 4.32429 -0.630587 0.291868 
7.22722 4.30714 -0.615333 0.296251 
7.25172 4.2901 -0.600079 0.300635 
7.27559 4.27391 -0.591345 0.276219 
7.29757 4.25929 -0.582611 0.251802 
7.31764 4.24619 -0.573878 0.227386 
7.33576 4.23459 -0.565144 0.20297 
7.35191 4.22444 -0.556411 0.178554 
7.36607 4.21571 -0.547677 0.154137 
7.37822 4.20838 -0.538944 0.129721 
7.39012 4.20114 -0.55415 0.148778 
7.40351 4.1927 -0.569356 0.167834 
7.41838 4.18303 -0.584562 0.186891 
7.43467 4.17206 -0.599768 0.205947 
7.45236 4.15976 -0.614974 0.225004 
7.47142 4.14608 -0.63018 0.24406 
7.49179 4.13098 -0.645386 0.263117 
7.51344 4.11442 -0.660592 0.282173 
7.53634 4.09634 -0.675798 0.30123 
7.56043 4.07672 -0.691004 0.320287 
7.58441 4.05701 -0.684797 0.300456 
7.60697 4.0387 -0.678589 0.280626 
7.6281 4.02177 -0.672382 0.260795 
7.64777 4.00621 -0.666175 0.240965 
7.66598 3.99199 -0.659968 0.221134 
7.6827 3.97909 -0.653761 0.201304 
7.69793 3.96749 -0.647554 0.181474 
7.71165 3.95719 -0.641347 0.161643 
7.72383 3.94815 -0.63514 0.141813 
7.73447 3.94035 -0.628932 0.121982 
7.74356 3.93379 -0.622725 0.102152 
7.75106 3.92843 -0.616518 0.0823216 
7.75698 3.92426 -0.610311 0.0624912 
7.7613 3.92126 -0.604104 0.0426608 
7.764 3.91941 -0.597897 0.0228304 
7.76507 3.91868 -0.59169 0.00299997 
7.76449 3.91907 -0.585483 -0.0168304 
7.76226 3.92054 -0.579275 -0.0366608 
7.75939 3.92235 -0.550456 -0.031236 
7.75694 3.92381 -0.521637 -0.0258111 
7.75492 3.92494 -0.492818 -0.0203862 
7.75336 3.92575 -0.464 -0.0149614 
7.75225 3.92628 -0.435181 -0.0095365 
7.75163 3.92656 -0.406362 -0.00411163 
7.7515 3.92662 -0.377543 0.00131324 
7.75188 3.92648 -0.348724 0.0067381 
7.75277 3.92617 -0.319905 0.012163 
7.75419 3.92572 -0.291086 0.0175878 
7.75614 3.92517 -0.262267 0.0230127 
7.75762 3.92479 -0.242099 0.00738507 
7.75757 3.92479 -0.221931 -0.00824258 
7.756 3.92513 -0.201763 -0.0238702 
7.75289 3.92573 -0.181596 -0.0394979 
7.74823 3.92653 -0.161428 -0.0551255 
7.74201 3.92748 -0.14126 -0.0707532 
7.73422 3.92851 -0.121092 -0.0863808 
7.72486 3.92955 -0.100925 -0.102008 
7.71392 3.93054 -0.0807569 -0.117636 
7.70141 3.93142 -0.0605892 -0.133264 
7.68732 3.93213 -0.0404214 -0.148891 
7.67165 3.93261 -0.0202537 -0.164519 
7.65442 3.93278 -8.59397e-05 -0.180147 
7.63746 3.93258 0.0238688 -0.159166 
7.6226 3.93205 0.0478236 -0.138185 
7.60985 3.93129 0.0717784 -0.117204 
7.59922 3.9304 0.0957331 -0.0962233 
7.59069 3.92949 0.119688 -0.0752425 
7.58427 3.92864 0.143643 -0.0542617 
7.57995 3.92797 0.167597 -0.0332808 
7.57771 3.92756 0.191552 -0.0123 
7.57753 3.92753 0.215507 0.00868085 
7.5794 3.92797 0.239462 0.0296617 
7.58328 3.92897 0.263417 0.0506425 
7.58917 3.93064 0.287371 0.0716234 
7.59701 3.93306 0.311326 0.0926042 
7.60678 3.93634 0.335281 0.113585 
7.61845 3.94057 0.359236 0.134566 
7.63196 3.94583 0.38319 0.155547 
7.64729 3.95223 0.407145 0.176528 
7.66437 3.95984 0.4311 0.197508 
7.68316 3.96877 0.455055 0.218489 
7.7036 3.97908 0.479009 0.23947 
7.72428 3.98997 0.490662 0.228025 
7.74383 4.00056 0.502315 0.216581 
7.76225 4.01082 0.513967 0.205136 
7.77956 4.02072 0.52562 0.193692 
7.79576 4.03025 0.537272 0.182247 
7.81088 4.03937 0.548925 0.170803 
7.82491 4.04806 0.560578 0.159358 
7.83787 4.05631 0.57223 0.147914 
7.84978 4.06407 0.583883 0.136469 
7.86065 4.07134 0.595535 0.125024 
7.87049 4.07809 0.607188 0.11358 
7.87931 4.0843 0.618841 0.102135 
7.88713 4.08994 0.630493 0.0906907 
7.89397 4.09498 0.642146 0.0792461 
7.89983 4.09942 0.653799 0.0678015 
7.90474 4.10322 0.665451 0.056357 
7.9087 4.10637 0.677104 0.0449124 
7.91211 4.10913 0.68339 0.0426631 
7.91532 4.11176 0.689677 0.0404138 
7.91834 4.11427 0.695963 0.0381645 
7.92118 4.11665 0.70225 0.0359152 
7.92383 4.11891 0.708536 0.0336659 
7.92629 4.12103 0.714823 0.0314166 
7.92857 4.12303 0.721109 0.0291673 
7.93067 4.12488 0.727396 0.026918 
7.93259 4.1266 0.733682 0.0246686 
7.93434 4.12819 0.739969 0.0224193 
7.9359 4.12963 0.746255 0.02017 
7.9373 4.13092 0.752542 0.0179207 
7.93852 4.13208 0.758828 0.0156714 
7.93957 4.13308 0.765115 0.0134221 
7.94046 4.13393 0.771401 0.0111728 
7.94118 4.13464 0.777688 0.00892351 
7.94173 4.13519 0.783974 0.00667421 
7.94212 4.13558 0.79026 0.0044249 
7.94235 4.13581 0.796547 0.0021756 
7.94243 4.13589 0.802833 -7.37099e-05 
7.94172 4.13513 0.82871 -0.020637 
7.93966 4.13282 0.854587 -0.0412003 
7.93634 4.12889 0.880464 -0.0617636 
7.93183 4.12328 0.906341 -0.0823268 
7.92621 4.11591 0.932218 -0.10289 
7.91959 4.10674 0.958095 -0.123453 
7.91205 4.09569 0.983972 -0.144017 
7.90367 4.08273 1.00985 -0.16458 
7.89457 4.06781 1.03573 -0.185143 
7.88487 4.05093 1.06191 -0.204143 
7.87471 4.03214 1.08809 -0.223144 
7.86418 4.01139 1.11427 -0.242144 
7.85339 3.98866 1.14045 -0.261144 
7.84243 3.96392 1.16664 -0.280144 
7.83139 3.93714 1.19282 -0.299144 
7.82092 3.90983 1.21639 -0.285767 
7.81154 3.88355 1.23996 -0.27239 
7.8032 3.85832 1.26354 -0.259014 
7.79585 3.83418 1.28711 -0.245637 
7.78943 3.81117 1.31068 -0.23226 
7.78388 3.7893 1.33425 -0.218883 
7.77915 3.76862 1.35783 -0.205507 
7.77518 3.74914 1.3814 -0.19213 
7.77182 3.731 1.39416 -0.17688 
7.76895 3.71432 1.40692 -0.161631 
7.76653 3.69911 1.41967 -0.146382 
7.76453 3.68538 1.43243 -0.131132 
7.7629 3.67313 1.44519 -0.115883 
7.76161 3.66239 1.45795 -0.100633 
7.76062 3.65314 1.47071 -0.085384 
7.75989 3.6454 1.48346 -0.0701346 
7.75939 3.63917 1.49622 -0.0548852 
7.75906 3.63445 1.50898 -0.0396358 
7.75891 3.63184 1.52111 -0.0127342 
7.75891 3.63191 1.53323 0.0141674 
7.759 3.63467 1.54536 0.041069 
7.7591 3.64012 1.55748 0.0679706 
7.7592 3.64738 1.55818 0.0772557 
7.7593 3.65557 1.55888 0.0865408 
7.7594 3.66469 1.55958 0.0958258 
7.75951 3.67473 1.56028 0.105111 
7.75962 3.68571 1.56097 0.114396 
7.75973 3.69761 1.56167 0.123681 
7.75985 3.71044 1.56237 0.132966 
7.75996 3.7242 1.56307 0.142251 
7.76007 3.73889 1.56377 0.151536 
7.76017 3.75451 1.56447 0.160821 
7.76027 3.77106 1.56516 0.170106 
7.76028 3.78793 1.57564 0.167408 
7.76011 3.80454 1.58611 0.164711 
7.75977 3.82087 1.59659 0.162013 
7.75928 3.83693 1.60707 0.159315 
7.75862 3.85271 1.61754 0.156617 
7.75781 3.86822 1.62802 0.153919 
7.75686 3.88344 1.63849 0.151221 
7.75577 3.89839 1.64897 0.148524 
7.75454 3.91306 1.65944 0.145826 
7.75319 3.92744 1.66992 0.143128 
7.75171 3.94154 1.6804 0.14043 
7.75012 3.95536 1.69087 0.137732 
7.74842 3.96889 1.70135 0.135034 
7.74661 3.98214 1.71182 0.132336 
7.7447 3.99509 1.7223 0.129639 
7.74269 4.00777 1.73277 0.126941 
7.7406 4.02015 1.74325 0.124243 
7.73828 4.03332 1.74745 0.143244 
7.73556 4.04835 1.75166 0.162246 
7.73244 4.06524 1.75586 0.181247 
7.72889 4.08398 1.76007 0.200248 
7.7249 4.10457 1.76427 0.219249 
7.72045 4.12701 1.76848 0.238251 
7.71554 4.15129 1.77268 0.257252 
7.71013 4.17742 1.77688 0.276253 
7.70422 4.20537 1.78109 0.295255 
7.6978 4.23516 1.78529 0.314256 
7.69084 4.26678 1.7895 0.333257 
7.68333 4.30023 1.7937 0.352258 
7.67526 4.33549 1.79791 0.37126 
7.66692 4.37063 1.80982 0.351105 
7.65865 4.40372 1.82172 0.330951 
7.6505 4.43475 1.83363 0.310797 
7.64252 4.46375 1.84554 0.290643 
7.63475 4.4907 1.85745 0.270489 
7.62724 4.51564 1.86936 0.250334 
7.62004 4.53856 1.88127 0.23018 
7.61319 4.55948 1.89318 0.210026 
7.60674 4.57841 1.90509 0.189872 
7.60075 4.59535 1.917 0.169717 
7.59524 4.61034 1.92891 0.149563 
7.59028 4.62337 1.94082 0.129409 
7.5859 4.63447 1.95273 0.109255 
7.58168 4.64453 1.9824 0.108713 
7.5772 4.6544 2.01207 0.10817 
7.57245 4.66409 2.04174 0.107628 
7.56744 4.67358 2.07142 0.107086 
7.56166 4.68396 2.08519 0.130544 
7.55457 4.6963 2.09896 0.154001 
7.54612 4.71055 2.11274 0.177459 
7.53625 4.72669 2.12651 0.200917 
7.5249 4.74468 2.14029 0.224374 
7.51203 4.76447 2.15406 0.247832 
7.49759 4.78604 2.16783 0.27129 
7.48291 4.80736 2.17973 0.246495 
7.4694 4.82648 2.19163 0.2217 
7.45713 4.84344 2.20353 0.196905 
7.44613 4.85825 2.21543 0.17211 
7.43646 4.87096 2.22733 0.147315 
7.42817 4.8816 2.23923 0.12252 
7.42066 4.89102 2.24772 0.118311 
7.41335 4.90005 2.25622 0.114102 
7.40622 4.90869 2.26472 0.109894 
7.39929 4.91694 2.27321 0.105685 
7.39257 4.92482 2.28171 0.101476 
7.38605 4.93233 2.29021 0.0972669 
7.37975 4.93946 2.2987 0.0930581 
7.37367 4.94622 2.3072 0.0888492 
7.36782 4.95262 2.3157 0.0846403 
7.3622 4.95867 2.32419 0.0804314 
7.35681 4.96436 2.33269 0.0762225 
7.35167 4.9697 2.34119 0.0720136 
7.34678 4.9747 2.34968 0.0678047 
7.34215 4.97935 2.35818 0.0635958 
7.33787 4.98351 2.38379 0.0558013 
7.33405 4.98703 2.4094 0.0480067 
7.33074 4.98994 2.435 0.0402122 
7.32795 4.99226 2.46061 0.0324176 
7.32571 4.99403 2.48622 0.0246231 
7.32405 4.99527 2.51183 0.0168285 
7.323 4.99602 2.53743 0.00903398 
7.32257 4.99631 2.56304 0.00123943 
7.3228 4.99617 2.58865 -0.00655513 
7.32369 4.99563 2.61426 -0.0143497 
7.32528 4.99474 2.63986 -0.0221442 
7.32758 4.99352 2.66547 -0.0299388 
7.33061 4.99201 2.69108 -0.0377333 
7.33438 4.99024 2.71669 -0.0455279 
7.33891 4.98826 2.74229 -0.0533224 
7.34352 4.98639 2.77024 -0.0461621 
7.34751 4.9849 2.7982 -0.0390017 
7.35086 4.98375 2.82615 -0.0318413 
7.35356 4.98291 2.8541 -0.0246809 
7.35559 4.98234 2.88205 -0.0175205 
7.35694 4.982 2.91 -0.0103602 
7.3576 4.98185 2.93795 -0.00319977 
7.35795 4.98179 2.95449 -0.00387232 
7.35836 4.98171 2.97103 -0.00454487 
7.35884 4.98163 2.98756 -0.00521742 
7.35939 4.98155 3.0041 -0.00588997 
7.36001 4.98147 3.02063 -0.00656252 
7.3607 4.98139 3.03717 -0.00723507 
7.36145 4.98132 3.05371 -0.00790762 
7.36227 4.98126 3.07024 -0.00858017 
7.36316 4.9812 3.08678 -0.00925272 
7.36412 4.98115 3.10332 -0.00992527 
7.36514 4.98112 3.11985 -0.0105978 
7.36624 4.98111 3.13639 -0.0112704 
7.3674 4.98111 3.15293 -0.0119429 
7.36788 4.98112 3.15121 0.00240882 
7.36692 4.98111 3.14948 0.0167606 
7.36452 4.98109 3.14776 0.0311123 
7.36069 4.98107 3.14604 0.0454641 
7.35543 4.98105 3.14432 0.0598158 
7.34873 4.98104 3.1426 0.0741675 
7.3406 4.98104 3.14088 0.0885193 
7.33103 4.98106 3.13916 0.102871 
7.32002 4.98109 3.13744 0.117223 
7.30758 4.98116 3.13571 0.131575 
7.29371 4.98125 3.13399 0.145926 
7.2784 4.98138 3.13227 0.160278 
7.26165 4.98155 3.13055 0.17463 
7.24348 4.98177 3.12883 0.188982 
7.22386 4.98203 3.12711 0.203333 
7.20281 4.98236 3.12539 0.217685 
7.18033 4.98274 3.12367 0.232037 
7.15641 4.98319 3.12194 0.246388 
7.13216 4.98346 3.13888 0.238802 
7.10866 4.98333 3.15582 0.231216 
7.08592 4.98281 3.17276 0.223629 
7.06395 4.98194 3.1897 0.216043 
7.04276 4.98074 3.20664 0.208456 
7.02235 4.97924 3.22358 0.20087 
7.00272 4.97746 3.24052 0.193283 
6.98388 4.97543 3.25746 0.185697 
6.96583 4.97318 3.2744 0.178111 
6.94858 4.97072 3.29134 0.170524 
6.93211 4.9681 3.30828 0.162938 
6.91644 4.96533 3.32522 0.155351 
6.90156 4.96243 3.34216 0.147765 
6.88748 4.95945 3.3591 0.140178 
6.87419 4.95639 3.37604 0.132592 
6.86169 4.9533 3.39298 0.125006 
6.84997 4.95018 3.40992 0.117419 
6.83904 4.94708 3.42686 0.109833 
6.82889 4.94401 3.4438 0.102246 
6.81952 4.941 3.46074 0.0946599 
6.81167 4.93851 3.4359 0.0699281 
6.80615 4.93691 3.41106 0.0451964 
6.80297 4.93607 3.38623 0.0204646 
6.80219 4.93587 3.36139 -0.00426712 
6.80316 4.93608 3.33746 -0.0155993 
6.80525 4.93646 3.31353 -0.0269315 
6.80847 4.93698 3.2896 -0.0382636 
6.81282 4.93757 3.26567 -0.0495958 
6.81831 4.93819 3.24174 -0.060928 
6.82495 4.93877 3.21781 -0.0722602 
6.83272 4.93927 3.19388 -0.0835923 
6.84164 4.93963 3.16995 -0.0949245 
6.84982 4.93985 3.16579 -0.0686488 
6.85537 4.93997 3.16163 -0.0423731 
6.85829 4.94002 3.15747 -0.0160975 
6.85858 4.94003 3.1533 0.0101782 
6.85625 4.94001 3.14914 0.0364539 
6.85129 4.93998 3.14498 0.0627296 
6.84371 4.93997 3.14081 0.0890053 
6.83549 4.94009 3.11178 0.0753018 
6.82866 4.94039 3.08274 0.0615982 
6.8232 4.94079 3.05371 0.0478947 
6.81911 4.94121 3.02467 0.0341912 
6.8164 4.94156 2.99564 0.0204877 
6.81505 4.94178 2.9666 0.00678419 
6.81506 4.94177 2.93757 -0.00691932 
6.8164 4.94147 2.90853 -0.0206228 
6.81907 4.94079 2.8795 -0.0343263 
6.82303 4.93967 2.85046 -0.0480299 
6.82826 4.93801 2.82143 -0.0617334 
6.83474 4.93576 2.79239 -0.0754369 
6.84243 4.93283 2.76336 -0.0891404 
6.85129 4.92915 2.73432 -0.102844 
6.8613 4.92466 2.70529 -0.116547 
6.8724 4.91928 2.67625 -0.130251 
6.88456 4.91294 2.64722 -0.143954 
6.89677 4.90658 2.67542 -0.131372 
6.90802 4.90111 2.70363 -0.11879 
6.91827 4.89649 2.73183 -0.106208 
6.92749 4.89263 2.76004 -0.0936253 
6.93564 4.88949 2.78824 -0.081043 
6.94269 4.887 2.81644 -0.0684607 
6.94861 4.8851 2.84465 -0.0558784 
6.95337 4.88371 2.87285 -0.0432961 
6.95695 4.88277 2.90106 -0.0307138 
6.95933 4.88222 2.92926 -0.0181315 
6.96049 4.88199 2.95747 -0.00554919 
6.96041 4.882 2.98567 0.00703311 
6.95909 4.88218 3.01388 0.0196154 
6.95652 4.88247 3.04208 0.0321977 
6.95269 4.8828 3.07028 0.04478 
6.94845 4.88309 3.07577 0.0401468 
6.94467 4.88333 3.08126 0.0355136 
6.94136 4.88352 3.08675 0.0308803 
6.93851 4.88367 3.09224 0.0262471 
6.93612 4.88378 3.09773 0.0216139 
6.93419 4.88386 3.10322 0.0169807 
6.93272 4.88391 3.10871 0.0123474 
6.93172 4.88394 3.1142 0.00771421 
6.93118 4.88396 3.11969 0.00308098 
6.9311 4.88396 3.12519 -0.00155224 
6.93149 4.88395 3.13068 -0.00618547 
6.93234 4.88395 3.13617 -0.0108187 
6.93365 4.88394 3.14166 -0.0154519 
6.93543 4.88395 3.14715 -0.0200851 

