1 -5 0 0 
1.00104 -4.99999 0.00904367 0.0208441 
1.00417 -4.99995 0.0180873 0.0416883 
1.00938 -4.99983 0.027131 0.0625324 
1.01667 -4.9996 0.0361747 0.0833765 
1.02604 -4.99921 0.0452183 0.104221 
1.03749 -4.99864 0.054262 0.125065 
1.05102 -4.99785 0.0633057 0.145909 
1.06661 -4.99678 0.0723493 0.166753 
1.08428 -4.99542 0.081393 0.187597 
1.10401 -4.99372 0.0904367 0.208441 
1.1258 -4.99164 0.0994803 0.229285 
1.14964 -4.98915 0.108524 0.25013 
1.17552 -4.98621 0.117568 0.270974 
1.20345 -4.98279 0.126611 0.291818 
1.23342 -4.97883 0.135655 0.312662 
1.26541 -4.97432 0.144699 0.333506 
1.29942 -4.9692 0.153742 0.35435 
1.33541 -4.96308 0.182852 0.375829 
1.37331 -4.95549 0.211962 0.397307 
1.41307 -4.94633 0.241071 0.418785 
1.45463 -4.93546 0.270181 0.440263 
1.49791 -4.92279 0.299291 0.461742 
1.54285 -4.9082 0.328401 0.48322 
1.58936 -4.89158 0.35751 0.504698 
1.63738 -4.87284 0.38662 0.526177 
1.6868 -4.85187 0.41573 0.547655 
1.73673 -4.82972 0.419103 0.544792 
1.78633 -4.80753 0.422476 0.541929 
1.83559 -4.7855 0.418646 0.537283 
1.88451 -4.76385 0.414815 0.532636 
1.93289 -4.74274 0.407786 0.523119 
1.98055 -4.72235 0.400757 0.513602 
2.02747 -4.70266 0.393729 0.504085 
2.07365 -4.68367 0.3867 0.494569 
2.11908 -4.66536 0.379671 0.485052 
2.16375 -4.64771 0.372642 0.475535 
2.20765 -4.63073 0.365613 0.466018 
2.25079 -4.61439 0.358584 0.456501 
2.29314 -4.59868 0.351555 0.446984 
2.33472 -4.5836 0.344527 0.437468 
2.37549 -4.56913 0.337498 0.427951 
2.41548 -4.55525 0.330469 0.418434 
2.45465 -4.54197 0.32344 0.408917 
2.49302 -4.52925 0.316411 0.3994 
2.53056 -4.51711 0.309382 0.389883 
2.56729 -4.50551 0.302354 0.380367 
2.60254 -4.4945 0.30288 0.358232 
2.63567 -4.48414 0.303405 0.336097 
2.66669 -4.47442 0.303931 0.313962 
2.69559 -4.46535 0.304457 0.291827 
2.72237 -4.45693 0.304983 0.269692 
2.74704 -4.44915 0.305509 0.247557 
2.77063 -4.44155 0.318398 0.248163 
2.79417 -4.43362 0.331287 0.248769 
2.81767 -4.42536 0.344176 0.249376 
2.84112 -4.41679 0.357065 0.249982 
2.86452 -4.40789 0.369954 0.250589 
2.88785 -4.39867 0.382843 0.251195 
2.91112 -4.38912 0.395732 0.251801 
2.93432 -4.37925 0.408621 0.252408 
2.95744 -4.36906 0.42151 0.253014 
2.98049 -4.35855 0.434399 0.25362 
3.00264 -4.348 0.454748 0.237221 
3.02312 -4.33773 0.475097 0.220823 
3.04193 -4.32782 0.495446 0.204424 
3.05909 -4.31831 0.515795 0.188025 
3.07465 -4.30929 0.536144 0.171626 
3.08861 -4.3008 0.556493 0.155228 
3.10102 -4.29291 0.576842 0.138829 
3.1119 -4.28568 0.597191 0.12243 
3.12128 -4.27916 0.61754 0.106031 
3.1292 -4.27342 0.637889 0.0896326 
3.13569 -4.2685 0.658238 0.0732338 
3.1408 -4.26448 0.678587 0.056835 
3.14455 -4.26139 0.698936 0.0404363 
3.147 -4.25929 0.719285 0.0240375 
3.14818 -4.25824 0.739634 0.00763872 
3.14953 -4.25697 0.767094 0.0294012 
3.15239 -4.25413 0.794554 0.0511636 
3.15667 -4.24964 0.822014 0.0729261 
3.16229 -4.24342 0.849474 0.0946885 
3.16915 -4.23539 0.876934 0.116451 
3.17715 -4.22549 0.904394 0.138213 
3.1862 -4.21364 0.931853 0.159976 
3.19619 -4.19978 0.959313 0.181738 
3.20703 -4.18386 0.986773 0.203501 
3.2186 -4.16581 1.01423 0.225263 
3.23079 -4.14559 1.04169 0.247026 
3.2435 -4.12315 1.06915 0.268788 
3.25661 -4.09844 1.09661 0.290551 
3.27 -4.07144 1.12407 0.312313 
3.28339 -4.04267 1.14582 0.322452 
3.29657 -4.01268 1.16757 0.332592 
3.30948 -3.98148 1.18933 0.342731 
3.32207 -3.94906 1.21108 0.35287 
3.3343 -3.91543 1.23283 0.363009 
3.34613 -3.88057 1.25458 0.373149 
3.3575 -3.8445 1.27633 0.383288 
3.36836 -3.80721 1.29808 0.393427 
3.37867 -3.76872 1.31983 0.403566 
3.38839 -3.72903 1.34158 0.413706 
3.39746 -3.68815 1.36333 0.423845 
3.40583 -3.64608 1.38509 0.433984 
3.41427 -3.60423 1.35865 0.419933 
3.42349 -3.56398 1.33222 0.405881 
3.43343 -3.52536 1.30578 0.39183 
3.44399 -3.48836 1.27935 0.377779 
3.45511 -3.45299 1.25292 0.363728 
3.4667 -3.41926 1.22648 0.349676 
3.47869 -3.38716 1.20005 0.335625 
3.491 -3.35669 1.17361 0.321574 
3.50354 -3.32785 1.14718 0.307522 
3.51625 -3.30062 1.12075 0.293471 
3.52905 -3.27499 1.09431 0.27942 
3.54186 -3.25095 1.06788 0.265368 
3.55461 -3.22848 1.04144 0.251317 
3.56722 -3.20756 1.01501 0.237266 
3.57962 -3.18816 0.988576 0.223214 
3.59174 -3.17026 0.962142 0.209163 
3.60351 -3.15383 0.935708 0.195112 
3.61487 -3.13884 0.909274 0.18106 
3.62574 -3.12525 0.88284 0.167009 
3.63606 -3.11302 0.856406 0.152958 
3.64643 -3.10071 0.884718 0.169116 
3.65746 -3.08684 0.913029 0.185274 
3.66906 -3.07137 0.94134 0.201431 
3.68115 -3.05426 0.969651 0.217589 
3.69364 -3.03547 0.997963 0.233747 
3.70646 -3.01496 1.02627 0.249905 
3.7195 -2.9927 1.05459 0.266063 
3.73269 -2.96867 1.0829 0.282221 
3.74593 -2.94284 1.11121 0.298379 
3.75913 -2.91518 1.13952 0.314537 
3.7722 -2.88569 1.16783 0.330695 
3.78504 -2.85434 1.19614 0.346853 
3.79755 -2.82112 1.22445 0.36301 
3.80965 -2.78604 1.25276 0.379168 
3.82123 -2.74909 1.28108 0.395326 
3.83221 -2.71028 1.30939 0.411484 
3.84258 -2.67194 1.30346 0.382798 
3.85242 -2.63643 1.29753 0.354111 
3.86168 -2.60374 1.29161 0.325425 
3.87034 -2.57387 1.28568 0.296738 
3.87881 -2.54393 1.30443 0.32557 
3.88745 -2.51104 1.32317 0.354402 
3.89615 -2.4752 1.34192 0.383233 
3.9048 -2.43639 1.36067 0.412065 
3.9133 -2.3946 1.37941 0.440896 
3.92154 -2.34982 1.39816 0.469728 
3.9294 -2.30205 1.41691 0.49856 
3.93679 -2.25129 1.43565 0.527391 
3.94358 -2.19753 1.4544 0.556223 
3.94967 -2.1408 1.47315 0.585055 
3.95495 -2.08108 1.49189 0.613886 
3.95931 -2.01841 1.51064 0.642718 
3.96264 -1.95278 1.52939 0.67155 
3.96483 -1.88422 1.54813 0.700381 
3.96578 -1.81274 1.56688 0.729213 
3.96537 -1.73838 1.58563 0.758045 
3.96398 -1.66369 1.59304 0.736003 
3.96211 -1.59122 1.60045 0.713961 
3.95976 -1.52097 1.60786 0.691919 
3.95699 -1.45293 1.61527 0.669877 
3.95382 -1.38712 1.62268 0.647835 
3.95028 -1.32354 1.63009 0.625793 
3.94641 -1.26219 1.63751 0.603751 
3.94224 -1.20306 1.64492 0.581709 
3.93781 -1.14616 1.65233 0.559667 
3.93314 -1.0915 1.65974 0.537625 
3.92849 -1.03923 1.65918 0.51183 
3.9241 -0.989532 1.65863 0.486035 
3.91996 -0.9424 1.65807 0.460241 
3.91607 -0.897835 1.65752 0.434446 
3.91229 -0.853056 1.65281 0.464319 
3.90848 -0.805283 1.64811 0.494192 
3.90466 -0.754513 1.64341 0.524066 
3.90088 -0.700745 1.63871 0.553939 
3.89716 -0.64398 1.634 0.583813 
3.89351 -0.584216 1.6293 0.613686 
3.88999 -0.521453 1.6246 0.643559 
3.8866 -0.45569 1.6199 0.673433 
3.88339 -0.386929 1.6152 0.703306 
3.88037 -0.315168 1.61049 0.73318 
3.87758 -0.240408 1.60579 0.763053 
3.87504 -0.162651 1.60109 0.792926 
3.87278 -0.081896 1.59639 0.8228 
3.87084 0.00185497 1.59168 0.852673 
3.86923 0.088601 1.58698 0.882547 
3.86906 0.175929 1.55851 0.86408 
3.87132 0.261381 1.53003 0.845613 
3.87591 0.34489 1.50156 0.827146 
3.88273 0.426394 1.47309 0.808679 
3.89165 0.505836 1.44461 0.790213 
3.90258 0.583163 1.41614 0.771746 
3.91539 0.658328 1.38767 0.753279 
3.92998 0.731286 1.35919 0.734812 
3.94622 0.802 1.33072 0.716345 
3.964 0.870436 1.30225 0.697878 
3.98321 0.936564 1.27377 0.679412 
4.00373 1.00036 1.2453 0.660945 
4.02545 1.06181 1.21683 0.642478 
4.04823 1.12089 1.18835 0.624011 
4.07198 1.17759 1.15988 0.605544 
4.09657 1.23191 1.13141 0.587077 
4.12203 1.28441 1.10715 0.579719 
4.14841 1.33561 1.08289 0.572361 
4.17567 1.38552 1.05862 0.565002 
4.20377 1.43411 1.03436 0.557644 
4.23266 1.48138 1.0101 0.550285 
4.26228 1.52731 0.985842 0.542927 
4.2926 1.5719 0.961581 0.535568 
4.32307 1.61577 0.96574 0.5327 
4.3532 1.65953 0.969899 0.529832 
4.38298 1.70318 0.974058 0.526963 
4.41242 1.74671 0.978217 0.524095 
4.44153 1.79012 0.982376 0.521226 
4.47029 1.83342 0.986535 0.518358 
4.49871 1.8766 0.990694 0.515489 
4.5268 1.91965 0.994853 0.512621 
4.55455 1.96258 0.999012 0.509752 
4.58196 2.00538 1.00317 0.506884 
4.60905 2.04806 1.00733 0.504015 
4.63581 2.0906 1.01149 0.501147 
4.66111 2.13232 1.03998 0.474583 
4.68389 2.17242 1.06847 0.448019 
4.70428 2.21081 1.09696 0.421456 
4.7224 2.24739 1.12545 0.394892 
4.73835 2.28206 1.15394 0.368328 
4.75226 2.31472 1.18243 0.341765 
4.76427 2.34529 1.21092 0.315201 
4.77451 2.3737 1.23941 0.288637 
4.7831 2.39986 1.2679 0.262074 
4.79019 2.4237 1.29639 0.23551 
4.79591 2.44518 1.32488 0.208946 
4.80041 2.46422 1.35337 0.182383 
4.80383 2.48078 1.38186 0.155819 
4.80676 2.49717 1.40512 0.177144 
4.80964 2.51572 1.42839 0.198469 
4.81236 2.53646 1.45165 0.219793 
4.81483 2.55937 1.47491 0.241118 
4.81695 2.58446 1.49818 0.262443 
4.81861 2.61172 1.52144 0.283768 
4.81971 2.64114 1.54471 0.305092 
4.82016 2.67271 1.56797 0.326417 
4.81986 2.70642 1.59123 0.347742 
4.81871 2.74224 1.6145 0.369067 
4.81661 2.78015 1.63776 0.390392 
4.81345 2.82013 1.66102 0.411716 
4.80915 2.86215 1.68429 0.433041 
4.80361 2.90617 1.70755 0.454366 
4.79673 2.95216 1.73082 0.475691 
4.78842 3.00008 1.75408 0.497015 
4.77859 3.04989 1.77734 0.51834 
4.76795 3.09974 1.78453 0.501157 
4.75733 3.14784 1.79171 0.483974 
4.74675 3.19418 1.79889 0.466791 
4.73623 3.23878 1.80608 0.449607 
4.7258 3.28163 1.81326 0.432424 
4.71547 3.32273 1.82044 0.415241 
4.70529 3.3621 1.82763 0.398058 
4.69526 3.39974 1.83481 0.380875 
4.68542 3.43564 1.84199 0.363691 
4.67578 3.46982 1.84918 0.346508 
4.66638 3.50228 1.85636 0.329325 
4.65724 3.53302 1.86354 0.312142 
4.64837 3.56205 1.87073 0.294958 
4.63956 3.58929 1.89715 0.277653 
4.6306 3.61465 1.92357 0.260348 
4.6216 3.63816 1.94999 0.243043 
4.61264 3.65981 1.97641 0.225737 
4.60381 3.67965 2.00283 0.208432 
4.59521 3.69768 2.02925 0.191127 
4.58693 3.71394 2.05567 0.173822 
4.57904 3.72845 2.08209 0.156516 
4.57164 3.74125 2.10851 0.139211 
4.56481 3.75237 2.13493 0.121906 
4.55863 3.76186 2.16135 0.104601 
4.55319 3.76976 2.18776 0.0872952 
4.54855 3.77612 2.21418 0.06999 
4.54481 3.78098 2.2406 0.0526847 
4.54204 3.7844 2.26702 0.0353794 
4.5403 3.78643 2.29344 0.0180742 
4.53967 3.78713 2.31986 0.000768899 
4.54022 3.78656 2.34628 -0.0165364 
4.54201 3.78479 2.3727 -0.0338416 
4.5451 3.78188 2.39912 -0.0511469 
4.54994 3.77753 2.41784 -0.0789808 
4.55696 3.77145 2.43656 -0.106815 
4.56623 3.76371 2.45528 -0.134649 
4.57781 3.75441 2.47399 -0.162482 
4.59177 3.74362 2.49271 -0.190316 
4.60816 3.73144 2.51143 -0.21815 
4.62704 3.71794 2.53015 -0.245984 
4.64846 3.70322 2.54886 -0.273818 
4.67248 3.68738 2.56758 -0.301652 
4.69914 3.6705 2.5863 -0.329486 
4.72849 3.65267 2.60502 -0.357319 
4.76057 3.634 2.62373 -0.385153 
4.79358 3.61566 2.64577 -0.370018 
4.82565 3.59877 2.6678 -0.354882 
4.85673 3.58326 2.68984 -0.339747 
4.88677 3.56909 2.71187 -0.324611 
4.91573 3.5562 2.73391 -0.309476 
4.94358 3.54453 2.75594 -0.29434 
4.97214 3.5331 2.76574 -0.320969 
5.00329 3.52098 2.77553 -0.347597 
5.03706 3.50823 2.78532 -0.374225 
5.07344 3.4949 2.79511 -0.400854 
5.11247 3.48102 2.8049 -0.427482 
5.15414 3.46667 2.81469 -0.454111 
5.19848 3.45188 2.82448 -0.480739 
5.2455 3.4367 2.83428 -0.507367 
5.29521 3.4212 2.84407 -0.533996 
5.34547 3.40511 2.81946 -0.521613 
5.39416 3.38819 2.79485 -0.509231 
5.44126 3.37052 2.77024 -0.496849 
5.48676 3.35216 2.74563 -0.484467 
5.53065 3.33317 2.72102 -0.472085 
5.57294 3.31363 2.69641 -0.459702 
5.61363 3.2936 2.6718 -0.44732 
5.65393 3.27377 2.69655 -0.451068 
5.69505 3.25478 2.72131 -0.454815 
5.73697 3.23666 2.74606 -0.458562 
5.77968 3.21945 2.77082 -0.46231 
5.82315 3.20317 2.79557 -0.466057 
5.86736 3.18784 2.82033 -0.469805 
5.91229 3.17351 2.84508 -0.473552 
5.95793 3.16018 2.86984 -0.477299 
6.00424 3.14789 2.89459 -0.481047 
6.05121 3.13667 2.91935 -0.484794 
6.09881 3.12653 2.9441 -0.488542 
6.14701 3.1175 2.96886 -0.492289 
6.19579 3.10961 2.99361 -0.496036 
6.24512 3.10288 3.01837 -0.499784 
6.29498 3.09733 3.04312 -0.503531 
6.34533 3.09299 3.06788 -0.507278 
6.39615 3.08987 3.09263 -0.511026 
6.4474 3.08799 3.11739 -0.514773 
6.49906 3.08738 3.14214 -0.518521 
6.5511 3.08806 3.1669 -0.522268 
6.60262 3.08987 3.18685 -0.508906 
6.65277 3.09264 3.2068 -0.495543 
6.70152 3.09631 3.22675 -0.482181 
6.74885 3.10083 3.2467 -0.468819 
6.79476 3.10613 3.26665 -0.455456 
6.83923 3.11217 3.2866 -0.442094 
6.88225 3.11889 3.30655 -0.428731 
6.92381 3.12623 3.32651 -0.415369 
6.9639 3.13414 3.34646 -0.402007 
7.00252 3.14257 3.36641 -0.388644 
7.03967 3.15145 3.38636 -0.375282 
7.07487 3.16007 3.3768 -0.349427 
7.10763 3.16776 3.36725 -0.323572 
7.13794 3.17456 3.35769 -0.297717 
7.16578 3.18054 3.34814 -0.271862 
7.19115 3.18573 3.33858 -0.246007 
7.21403 3.19019 3.32903 -0.220152 
7.23441 3.19395 3.31947 -0.194297 
7.25227 3.19708 3.30992 -0.168442 
7.26762 3.19961 3.30036 -0.142587 
7.28043 3.2016 3.29081 -0.116732 
7.2907 3.2031 3.28125 -0.0908775 
7.29842 3.20415 3.2717 -0.0650226 
7.30525 3.20503 3.26897 -0.0727261 
7.31285 3.206 3.26624 -0.0804297 
7.32122 3.20703 3.26351 -0.0881332 
7.33035 3.20814 3.26078 -0.0958368 
7.34025 3.20931 3.25805 -0.10354 
7.35092 3.21054 3.25532 -0.111244 
7.36235 3.21183 3.25259 -0.118947 
7.37456 3.21318 3.24986 -0.126651 
7.38753 3.21457 3.24713 -0.134354 
7.40128 3.21601 3.2444 -0.142058 
7.4158 3.21748 3.24167 -0.149762 
7.43108 3.219 3.23894 -0.157465 
7.44714 3.22054 3.23621 -0.165169 
7.46397 3.22212 3.23348 -0.172872 
7.48157 3.22371 3.23075 -0.180576 
7.49994 3.22533 3.22802 -0.188279 
7.51908 3.22696 3.22529 -0.195983 
7.539 3.22861 3.22256 -0.203686 
7.55969 3.23026 3.21984 -0.21139 
7.58115 3.23191 3.21711 -0.219093 
7.60217 3.23373 3.23941 -0.203014 
7.62156 3.23585 3.26171 -0.186935 
7.63929 3.23819 3.28402 -0.170856 
7.65538 3.24068 3.30632 -0.154777 
7.66983 3.24324 3.32863 -0.138698 
7.68264 3.24581 3.35093 -0.122619 
7.69382 3.24831 3.37323 -0.10654 
7.70338 3.25068 3.39554 -0.0904613 
7.71134 3.25284 3.41784 -0.0743823 
7.7177 3.25471 3.44014 -0.0583033 
7.72249 3.25624 3.46245 -0.0422243 
7.72572 3.25735 3.48475 -0.0261453 
7.7269 3.25777 3.46578 0.00122505 
7.72548 3.25731 3.44681 0.0285954 
7.72143 3.25608 3.42783 0.0559657 
7.71648 3.25469 3.40183 0.0470131 
7.71235 3.25365 3.37582 0.0380605 
7.70908 3.25291 3.34982 0.0291079 
7.70666 3.25243 3.32382 0.0201552 
7.70511 3.25216 3.29781 0.0112026 
7.70445 3.25206 3.27181 0.00225003 
7.70467 3.25209 3.2458 -0.00670258 
7.70578 3.25219 3.2198 -0.0156552 
7.70779 3.25232 3.19379 -0.0246078 
7.71133 3.25246 3.16984 -0.0462923 
7.71705 3.25254 3.14588 -0.0679767 
7.72493 3.25248 3.12193 -0.0896612 
7.73497 3.25216 3.09798 -0.111346 
7.74717 3.25147 3.07402 -0.13303 
7.76151 3.25033 3.05007 -0.154715 
7.77798 3.24861 3.02611 -0.176399 
7.79655 3.24623 3.00216 -0.198083 
7.8172 3.24307 2.9782 -0.219768 
7.83991 3.23904 2.95425 -0.241452 
7.86239 3.23476 2.95219 -0.216188 
7.88237 3.23091 2.95013 -0.190924 
7.89987 3.2275 2.94807 -0.165659 
7.91489 3.22454 2.94601 -0.140395 
7.92742 3.22204 2.94395 -0.11513 
7.93747 3.22002 2.94189 -0.0898658 
7.94504 3.21848 2.93983 -0.0646013 
7.95098 3.21718 2.91123 -0.0571722 
7.95617 3.21588 2.88263 -0.049743 
7.9606 3.21464 2.85403 -0.0423138 
7.96429 3.2135 2.82544 -0.0348847 
7.96724 3.21249 2.79684 -0.0274555 
7.96946 3.21166 2.76824 -0.0200263 
7.97097 3.21104 2.73964 -0.0125972 
7.97178 3.21068 2.71105 -0.00516799 
7.97192 3.21062 2.68245 0.00226118 
7.97138 3.2109 2.65385 0.00969035 
7.97021 3.21154 2.62525 0.0171195 
7.96841 3.2126 2.59666 0.0245487 
7.96602 3.2141 2.56806 0.0319779 
7.96305 3.21608 2.53946 0.039407 
7.95863 3.21918 2.52449 0.0685892 
7.95188 3.22404 2.50952 0.0977713 
7.94287 3.23075 2.49455 0.126954 
7.93164 3.23937 2.47959 0.156136 
7.91826 3.24997 2.46462 0.185318 
7.90277 3.26261 2.44965 0.2145 
7.88524 3.27736 2.43468 0.243682 
7.86573 3.29429 2.41971 0.272864 
7.8443 3.31344 2.40474 0.302046 
7.82101 3.3349 2.38978 0.331229 
7.7971 3.35686 2.40785 0.318137 
7.77377 3.37752 2.42592 0.305046 
7.75107 3.3969 2.444 0.291955 
7.72904 3.41503 2.46207 0.278864 
7.7077 3.43196 2.48015 0.265773 
7.6871 3.4477 2.49822 0.252682 
7.66728 3.46228 2.51629 0.239591 
7.64826 3.47576 2.53437 0.226499 
7.63009 3.48814 2.55244 0.213408 
7.61279 3.49948 2.57051 0.200317 
7.59639 3.50981 2.58859 0.187226 
7.58093 3.51916 2.60666 0.174135 
7.56644 3.52758 2.62474 0.161044 
7.55294 3.53509 2.64281 0.147952 
7.54046 3.54175 2.66088 0.134861 
7.52903 3.54758 2.67896 0.12177 
7.51868 3.55263 2.69703 0.108679 
7.50942 3.55694 2.7151 0.0955877 
7.50065 3.56089 2.72176 0.0968314 
7.49174 3.56483 2.72841 0.0980752 
7.48268 3.56877 2.73506 0.0993189 
7.47349 3.57269 2.74171 0.100563 
7.46416 3.5766 2.74836 0.101806 
7.45468 3.58049 2.75502 0.10305 
7.44507 3.58437 2.76167 0.104294 
7.43531 3.58822 2.76832 0.105538 
7.42541 3.59206 2.77497 0.106781 
7.41537 3.59588 2.78162 0.108025 
7.40511 3.59966 2.79558 0.110852 
7.39452 3.60339 2.80954 0.113678 
7.38361 3.60707 2.8235 0.116505 
7.37239 3.61068 2.83746 0.119332 
7.36084 3.61421 2.85142 0.122159 
7.34898 3.61767 2.86538 0.124985 
7.33679 3.62103 2.87934 0.127812 
7.32429 3.62429 2.8933 0.130639 
7.31146 3.62745 2.90726 0.133465 
7.29832 3.63049 2.92122 0.136292 
7.28487 3.6334 2.93518 0.139119 
7.27216 3.63589 2.96264 0.119779 
7.2613 3.6377 2.99009 0.100438 
7.25231 3.63895 3.01755 0.0810982 
7.24521 3.63974 3.04501 0.0617579 
7.24002 3.64018 3.07246 0.0424177 
7.23675 3.64036 3.09992 0.0230774 
7.23541 3.64041 3.12737 0.00373721 
7.23601 3.64041 3.15483 -0.015603 

